1403715530.212143 -0.0069200 0.0044342 0.0048301 -0.0019021 -0.0006981 -0.0007395 0.9999977
1403715530.612143 -0.0762893 -0.1084735 -0.0007483 -0.0144709 -0.0153050 0.0059467 0.9997604
1403715530.662143 -0.0873120 -0.1235284 -0.0013380 -0.0142074 -0.0190688 0.0067037 0.9996948
1403715531.412143 -0.2659188 -0.2710161 0.0239587 -0.0322420 -0.0966832 0.0241955 0.9944986
1403715531.612143 -0.3020304 -0.2988037 0.0546276 -0.0170402 -0.1000927 0.0255769 0.9945033
1403715531.962143 -0.3454691 -0.3225389 0.1199760 0.0071698 -0.0882676 0.0029060 0.9960667
1403715532.062143 -0.3536752 -0.3266053 0.1346377 0.0132694 -0.0858823 0.0000901 0.9962169
1403715532.762143 -0.4015251 -0.3392935 0.1887707 0.0107604 -0.1206817 0.0460915 0.9915622
1403715534.162143 0.1318153 -0.3020549 0.0506924 -0.0179472 0.0387854 0.0694094 0.9966725
1403715534.312143 0.2307311 -0.2900326 0.0263415 -0.0202352 0.0433900 0.0492605 0.9976378
1403715534.462143 0.3297704 -0.2654215 0.0075082 -0.0215136 0.0493014 0.0439389 0.9975851
1403715535.312143 0.8281714 -0.1062158 -0.0085655 -0.0861417 0.2118038 0.1047485 0.9678566
1403715535.662143 1.0297706 -0.0788407 0.0556178 -0.0431836 0.2162561 0.1323501 0.9663602
1403715536.412143 1.4576222 -0.0454842 0.2637096 -0.0660061 0.1339743 0.0356984 0.9881395
1403715536.562143 1.5295984 -0.0567440 0.3246441 -0.0530207 0.1331101 0.0111956 0.9896187
1403715537.012143 1.6522418 -0.1149966 0.5243223 0.0304993 0.1340950 -0.0317469 0.9899901
1403715537.312143 1.6343011 -0.1665560 0.6116912 0.1056259 0.1353393 -0.0353876 0.9845172
1403715537.512143 1.5682610 -0.1938833 0.6202067 0.0636955 0.1126567 0.0346674 0.9909841
1403715537.662143 1.5089818 -0.2073162 0.6073515 0.0114540 0.1035630 0.0695582 0.9921216
1403715537.862143 1.4306396 -0.2283418 0.5791003 0.0304563 0.1085249 0.0797854 0.9904186
1403715538.612143 1.2049577 -0.1994829 0.3797483 0.0374644 0.2034951 0.0912705 0.9740924
1403715540.262143 0.8043723 0.1025070 -0.2849723 -0.0591882 0.4944547 0.2722967 0.8233261
1403715540.612143 0.8305486 0.1013168 -0.4316910 -0.0951163 0.4990921 0.2408484 0.8269535
1403715541.062143 0.9724575 0.1130974 -0.5768155 -0.0663202 0.5094532 0.2505741 0.8205314
1403715542.162143 1.6045226 0.1891432 -0.8151260 -0.0824230 0.5247062 0.1296800 0.8373010
1403715543.012143 1.8897475 0.1446504 -0.7151105 -0.0027659 0.3816918 0.1516650 0.9117573
1403715544.062143 1.9090021 0.2382849 -0.7236553 -0.0067724 0.4811471 0.1035381 0.8704777
1403715544.612143 1.7297734 0.3776981 -0.7315801 -0.0190944 0.6468599 0.2385169 0.7240976
1403715544.812143 1.6473030 0.4064553 -0.7379403 -0.0123711 0.6763012 0.2337243 0.6984530
1403715545.212143 1.4566221 0.3776612 -0.7645345 -0.0305385 0.6905237 0.2459170 0.6795360
1403715545.362143 1.3806278 0.3738148 -0.7680381 -0.0346687 0.7044125 0.2578452 0.6603914
1403715545.512143 1.3051772 0.3725842 -0.7702267 -0.0159463 0.7104914 0.2796019 0.6455777
1403715545.712143 1.2044261 0.3640104 -0.7817180 0.0033736 0.7112359 0.2988515 0.6362545
1403715545.862143 1.1280261 0.3605642 -0.7983407 -0.0020806 0.7064231 0.2941093 0.6437871
1403715546.012143 1.0503508 0.3594810 -0.8196337 -0.0191021 0.6920026 0.2731477 0.6679505
1403715546.212143 0.9473314 0.3583603 -0.8508968 -0.0293328 0.6463969 0.2442813 0.7222446
1403715546.412143 0.8433768 0.3503630 -0.8820933 -0.0298515 0.5760871 0.2245106 0.7853837
1403715546.612143 0.7378166 0.3391443 -0.9137819 -0.0328862 0.4967680 0.1999836 0.8438878
1403715546.912143 0.5908886 0.3284558 -0.9573020 -0.0720257 0.3609201 0.1733491 0.9135092
1403715547.212143 0.4740202 0.3104285 -0.9818447 -0.0836532 0.2400183 0.1062275 0.9613059
1403715547.512143 0.3726838 0.2830717 -0.9618394 -0.0930097 0.1308440 0.0592352 0.9852514
1403715547.812143 0.2756362 0.2478954 -0.8850310 -0.0981068 0.0214091 0.0111114 0.9948835
1403715548.112143 0.1732823 0.1923553 -0.7603997 -0.0490696 -0.0643206 -0.0148780 0.9966111
1403715548.362143 0.0796227 0.1377711 -0.6310940 -0.0136450 -0.0782967 -0.0272821 0.9964633
1403715548.762143 -0.0869932 0.0896275 -0.4215584 -0.0160378 -0.0707810 -0.0087857 0.9973242
1403715549.012143 -0.1972041 0.0622538 -0.2950084 -0.0136889 -0.0675357 -0.0018355 0.9976212
1403715549.412143 -0.3793057 0.0131271 -0.1145233 0.0290520 -0.1038323 0.0037687 0.9941633
1403715549.612143 -0.4565956 -0.0045701 -0.0415144 0.0058475 -0.1224644 0.0270093 0.9920881
1403715549.812143 -0.5149325 -0.0158981 0.0245871 -0.0057226 -0.1089032 0.0557384 0.9924719
1403715550.262143 -0.5407168 -0.0641025 0.1702527 -0.0244966 0.0299100 0.1187397 0.9921725
1403715550.462143 -0.4929047 -0.1070437 0.2218263 -0.0273040 0.1087566 0.1205997 0.9863479
1403715550.712143 -0.4159921 -0.1546153 0.2868413 -0.0238819 0.2047262 0.1476129 0.9673300
1403715550.962143 -0.3245669 -0.1692662 0.3536271 -0.0156921 0.2846895 0.2078925 0.9356743
1403715551.312143 -0.1398390 -0.1797215 0.4017095 -0.0060451 0.4049870 0.2435627 0.8812640
1403715551.662143 0.0910309 -0.1911056 0.3867944 0.0099758 0.5290030 0.2641129 0.8064122
1403715552.012143 0.3227384 -0.1833497 0.2988111 0.0404213 0.6522564 0.2403667 0.7177406
1403715552.362143 0.4847317 -0.1536000 0.1822084 0.0225524 0.7533491 0.2256084 0.6172984
1403715552.662143 0.5558481 -0.1360862 0.0812393 0.0314786 0.8299686 0.2377262 0.5036342
1403715552.912143 0.5570899 -0.1206377 0.0125391 0.0444587 0.8796609 0.2734490 0.3865821
1403715553.862143 0.1045754 -0.0431992 -0.1477523 -0.0235710 0.9597886 0.2796216 0.0078749
1403715554.262143 -0.1611413 -0.0425650 -0.1055866 -0.0422361 0.9142886 0.4028324 -0.0043168
1403715554.462143 -0.2801909 -0.0286804 -0.1080968 -0.1160978 0.9117231 0.3938758 0.0120018
1403715554.812143 -0.3958938 0.0446859 -0.1368751 -0.3030193 0.9114089 0.2728480 0.0553809
1403715556.112143 0.3471997 -0.1132735 -0.0042012 0.0753566 0.9259104 0.3664889 0.0519353
1403715556.312143 0.3578438 -0.1538186 -0.0149954 0.0742567 0.9336690 0.3459573 0.0553324
1403715557.112143 0.1681454 -0.1621090 -0.0831787 -0.0537685 0.9243164 0.3693655 0.0794811
1403715557.612143 0.0739733 -0.0949206 -0.2206598 -0.0487948 0.9254282 0.3690939 0.0705081
1403715558.312143 0.0084888 -0.0222749 -0.5566288 -0.0638645 0.9344631 0.3476414 0.0429584
1403715558.812143 0.0081492 0.0319628 -0.7935714 -0.0484591 0.9571583 0.2803434 0.0539186
1403715559.312143 0.0455065 0.0779157 -0.9024954 -0.0764315 0.9463418 0.2684911 0.1628131
1403715559.512143 0.0724532 0.0834139 -0.9079453 -0.0851702 0.9297083 0.2881679 0.2129501
1403715560.412143 0.3095744 0.1500070 -0.8060906 -0.0688889 0.8586845 0.3192985 0.3949224
1403715560.762143 0.4601495 0.1424904 -0.7556267 -0.0633889 0.8206931 0.3060802 0.4782881
1403715561.112143 0.6273417 0.1290378 -0.7002565 -0.0732248 0.7667547 0.2813144 0.5723526
1403715561.512143 0.8366405 0.1085323 -0.6273381 -0.0324413 0.7039078 0.2868571 0.6489795
1403715561.862143 1.0161041 0.1006022 -0.5777157 -0.0353079 0.6689703 0.2251620 0.7074843
1403715562.212143 1.1609263 0.0766147 -0.5207378 -0.0011313 0.6293380 0.1648415 0.7594469
1403715563.712143 1.1991198 -0.1191768 0.0279972 0.0124056 0.3223132 0.0779465 0.9433370
1403715564.062143 1.0923109 -0.0987918 0.1506261 0.0362912 0.1724692 0.0735221 0.9815966
1403715565.112143 0.7782839 -0.1365684 0.1619068 0.0254717 -0.3108844 -0.1071705 0.9440427
1403715565.662143 0.6395610 -0.2104607 0.0527642 0.0551958 -0.5301505 -0.1344459 0.8353551
1403715565.912143 0.6128373 -0.2222692 -0.0119500 0.0504051 -0.6340723 -0.1770723 0.7510374
1403715566.112143 0.6158553 -0.2296393 -0.0651955 0.0522611 -0.7185318 -0.2070958 0.6618853
1403715566.312143 0.6299486 -0.2378342 -0.1157432 0.0562401 -0.7889116 -0.2321308 0.5661898
1403715566.512143 0.6613349 -0.2434815 -0.1601197 -0.0605128 0.8437169 0.2516872 -0.4702484
1403715566.612143 0.6779417 -0.2379032 -0.1766882 -0.0625959 0.8664415 0.2561289 -0.4239798
1403715566.762143 0.7102050 -0.2258754 -0.1951177 -0.0668402 0.8953921 0.2662792 -0.3505721
1403715567.062143 0.8033730 -0.2030785 -0.2170684 -0.0565826 0.9413780 0.2850371 -0.1713467
1403715567.362143 0.9203451 -0.1855193 -0.2111325 -0.0422007 0.9472542 0.3146661 0.0437469
1403715567.512143 0.9799866 -0.1722764 -0.1948878 -0.0535837 0.9315241 0.3259123 0.1522262
1403715567.612143 1.0134453 -0.1590190 -0.1837292 -0.0571691 0.9173908 0.3263948 0.2204364
1403715567.862143 1.1009743 -0.1142337 -0.1422303 -0.0526181 0.8744100 0.2984985 0.3788628
1403715568.312143 1.2484782 -0.0588929 -0.0443568 -0.0406015 0.7505569 0.2351238 0.6162245
1403715568.712143 1.3327048 -0.0414473 0.0680543 -0.0271161 0.5992544 0.1862976 0.7781080
1403715569.062143 1.3578200 -0.0628443 0.1861219 -0.0345375 0.4563622 0.1538717 0.8757078
1403715572.012143 0.6932789 0.0151967 0.2741832 -0.1384444 -0.4169207 -0.0546953 0.8966709
1403715572.562143 0.5556331 0.0189505 0.4372748 0.0396122 -0.4536198 -0.1840999 0.8710724
1403715572.862143 0.4427798 0.0206081 0.4973164 0.0474804 -0.5334817 -0.2023118 0.8198859
1403715573.412143 0.2518869 -0.0340579 0.4830291 0.0240908 -0.6845731 -0.2165265 0.6956260
1403715573.662143 0.1804102 -0.0601844 0.4704545 0.0032024 -0.7401780 -0.2328685 0.6307920
1403715573.912143 0.1055125 -0.0844605 0.4629707 0.0123754 -0.7741212 -0.2907160 0.5621987
1403715574.112143 0.0393453 -0.1045583 0.4505703 -0.0056902 0.8104063 0.3209649 -0.4900927
1403715574.312143 -0.0393371 -0.1222620 0.4304285 -0.0300729 0.8528630 0.3224928 -0.4095348
1403715574.562143 -0.1426176 -0.1349938 0.3927032 -0.0859775 0.8777655 0.3275501 -0.3388903
1403715574.862143 -0.2365139 -0.1331204 0.3198295 -0.0736785 0.8908172 0.3411331 -0.2909371
1403715575.162143 -0.3032299 -0.1279302 0.2157492 -0.0599432 0.9086916 0.3025200 -0.2813680
1403715575.412143 -0.3391027 -0.1228912 0.1296647 -0.0723639 0.9085025 0.2868793 -0.2951050
1403715575.712143 -0.3479834 -0.1173412 0.0345511 -0.1166984 0.8926852 0.2973159 -0.3179590
1403715575.962143 -0.3104122 -0.1088933 -0.0550324 -0.1062184 0.8887861 0.3001227 -0.3297018
1403715576.212143 -0.2371271 -0.0933509 -0.1540388 -0.0609849 0.8945878 0.2923738 -0.3324320
1403715576.712143 -0.0428572 -0.0717784 -0.3298791 -0.0831468 0.9078877 0.2380346 -0.3349120
1403715577.262143 0.2708201 -0.0668960 -0.4348748 -0.0231947 0.8767214 0.2694689 -0.3977538
1403715577.912143 0.6486702 0.0137177 -0.4684008 -0.0075823 0.8658335 0.2631058 -0.4254999
1403715578.512143 0.9001036 0.1123892 -0.3818307 -0.0402633 -0.7782684 -0.2615919 0.5694268
1403715578.812143 0.9469962 0.1625285 -0.2954269 -0.0484558 -0.7047601 -0.3338148 0.6241258
1403715579.062143 0.9207475 0.1933526 -0.2525548 0.0054586 -0.6977646 -0.3255694 0.6380433
1403715579.412143 0.8296868 0.2170749 -0.2880331 0.1052176 -0.6991435 -0.3056793 0.6377207
1403715579.662143 0.7755181 0.2519253 -0.3838637 0.0680738 -0.7077715 -0.2924226 0.6394642
1403715579.912143 0.7258782 0.2855138 -0.5210888 0.0714398 -0.7177207 -0.2738923 0.6362047
1403715580.512143 0.6367119 0.4030093 -0.8931952 0.0154536 -0.6469545 -0.1817971 0.7403789
1403715580.862143 0.6080464 0.4756778 -1.0791839 -0.0557810 -0.6184379 -0.1312518 0.7727846
1403715581.162143 0.5861846 0.4977888 -1.1657873 -0.0949219 -0.6042855 -0.1401089 0.7785874
1403715582.212143 0.4068783 0.4705217 -1.1077694 0.0642342 -0.7613094 -0.2310373 0.6024148
1403715582.512143 0.3706073 0.4762605 -1.1077386 0.0443308 -0.7664039 -0.2697458 0.5812891
1403715583.562143 0.1559732 0.5709810 -1.2518429 0.0607539 -0.7709415 -0.1762719 0.6090044
1403715583.862143 0.1375280 0.6074230 -1.2797748 0.1328654 -0.7901910 -0.0885679 0.5916931
1403715584.112143 0.2390056 0.5928904 -1.2716092 0.0858963 -0.7957791 -0.1034893 0.5904638
1403715584.362143 0.4264019 0.5463486 -1.2240865 -0.0074780 -0.7779264 -0.1935780 0.5977475
1403715584.712143 0.6747009 0.4973917 -1.0975617 -0.0226701 -0.7545362 -0.2694181 0.5979759
1403715585.112143 0.8747826 0.4360265 -0.9541487 -0.0128349 -0.7235271 -0.3360426 0.6028426
1403715585.462143 0.9501804 0.3903598 -0.8996715 0.0025239 -0.7318467 -0.3194867 0.6019320
1403715588.012143 1.0173120 0.3419397 -0.9024367 -0.0032194 -0.6962008 -0.1870594 0.6930389
1403715588.412143 1.0650394 0.3347722 -0.7960159 0.0385790 -0.5822545 -0.1321601 0.8012646
1403715588.762143 1.1567960 0.3646008 -0.6944241 0.0127348 -0.4791997 -0.1147059 0.8700851
1403715589.162143 1.2695479 0.3958440 -0.5649468 -0.0641655 -0.3497966 -0.1396951 0.9241268
1403715589.762143 1.2786471 0.2679842 -0.3080490 -0.0902948 -0.2459403 -0.1099913 0.9587816
1403715590.162143 1.1730672 0.0855096 -0.0712717 0.0133146 -0.2587182 -0.0813063 0.9624328
1403715590.612143 1.0136039 -0.0882358 0.1476551 0.0188844 -0.3232276 -0.1654730 0.9315503
1403715590.962143 0.8343063 -0.2025408 0.2629994 0.0115014 -0.4575904 -0.1680324 0.8730658
1403715591.362143 0.6042039 -0.3094731 0.3549625 0.0323344 -0.5939707 -0.2490439 0.7642842
1403715591.812143 0.3198280 -0.3680762 0.3995779 0.0475292 -0.7258546 -0.2961462 0.6190101
1403715592.262143 0.0350127 -0.3039526 0.3744605 -0.1042937 0.8135448 0.3259241 -0.4701501
1403715592.662143 -0.1340569 -0.2500351 0.2296291 -0.1477531 0.8765939 0.3381426 -0.3088879
1403715593.262143 -0.1518140 -0.1312625 -0.1177671 -0.0451174 0.9415789 0.3305283 -0.0463113
1403715594.362143 0.0903015 0.0595680 -0.6095262 -0.0909954 0.8627507 0.2950653 0.4003967
1403715594.762143 0.2690945 0.0941448 -0.6631362 -0.1124740 0.7781948 0.2781700 0.5517100
1403715595.162143 0.5061083 0.1121814 -0.6575860 -0.0867268 0.6604849 0.2881798 0.6878886
1403715596.112143 1.1118166 0.1438560 -0.6051875 0.0691777 0.4172030 0.0116751 0.9061014
1403715596.612143 1.0467669 0.0689554 -0.5960984 -0.0983653 0.3071684 0.1193391 0.9390048
1403715597.112143 0.9638379 -0.0481953 -0.4610556 -0.1641350 0.2098083 0.1363706 0.9541715
1403715597.612143 1.0155406 -0.2116458 -0.1334571 -0.0034463 0.1454356 0.0975969 0.9845362
1403715598.062143 1.0912330 -0.3259320 0.1468895 0.0171994 0.0727811 0.0542681 0.9957219
1403715598.462143 1.1583483 -0.3766240 0.3459370 0.0941489 0.0737418 0.0480018 0.9916622
1403715599.262143 1.2220660 -0.2836466 0.3936086 0.0035248 0.0819018 0.0532740 0.9952093
1403715599.612143 1.2392222 -0.1991708 0.3623457 0.0046065 0.0649272 0.1018498 0.9926680
1403715600.012143 1.3065546 -0.0931258 0.3007614 0.0044635 0.0821204 0.0614603 0.9947155
1403715600.412143 1.3554442 0.0164239 0.2191489 -0.0182657 0.0392819 -0.0408079 0.9982274
1403715601.712143 1.0707616 -0.0047157 0.0472863 -0.0047026 -0.2486353 -0.0877863 0.9645994
1403715602.162143 0.8998717 -0.0635042 -0.0050544 0.0598847 -0.2117931 -0.0455488 0.9744141
1403715603.062143 0.6265222 0.0032905 -0.2059629 -0.0200489 0.0249615 0.0135161 0.9993960
1403715604.112143 0.2943534 0.1516373 -0.3262393 -0.0631824 0.1119902 0.1076258 0.9858412
1403715604.662143 0.2478364 0.1610036 -0.3115071 -0.0287429 0.1276972 0.0697462 0.9889402
1403715605.212143 0.2043102 0.1564909 -0.2583164 -0.0248866 0.1264696 0.0637509 0.9896070
1403715605.762143 0.1639707 0.1556926 -0.1912127 -0.0200288 0.1120833 0.0733488 0.9907856
1403715606.262143 0.1400163 0.1793024 -0.1197821 -0.0140545 0.1089471 0.0625020 0.9919811
1403715606.712143 0.1174618 0.1776522 -0.0673250 -0.0059896 0.0902499 0.0839166 0.9923593
1403715607.162143 0.1193995 0.1936482 -0.0355987 -0.0010101 0.0934706 0.0538834 0.9941624
1403715607.562143 0.1131932 0.2090733 -0.0300782 -0.0071613 0.0956423 0.0491315 0.9941767
1403715608.212143 0.0944883 0.2224877 -0.0347009 -0.0142588 0.0962141 0.0444747 0.9942643
1403715608.962143 0.0940798 0.2234632 -0.0351960 -0.0138824 0.0963274 0.0450195 0.9942341
