1305031102.175304 0.0000000 0.0000000 0.0000000 0.0000000 0.0000000 0.0000000 1.0000000
1305031104.575343 0.0055400 -0.0506678 -0.0243843 -0.0086915 -0.0264610 -0.0106975 0.9995548
1305031104.675525 0.0202814 -0.0647682 -0.0543365 0.0211162 -0.0095187 -0.0070418 0.9997069
1305031104.843258 0.0212627 -0.0537898 -0.0976623 0.0810301 0.0259292 0.0038110 0.9963670
1305031106.111327 -0.0047167 0.0431482 0.3412247 -0.0518605 0.0052827 0.0162209 0.9985086
1305031106.243267 -0.0127794 0.0490177 0.3796946 -0.0671321 0.0017428 0.0226244 0.9974861
1305031108.111378 0.0848947 -0.0284220 0.0395859 0.0078096 0.0401961 -0.0175758 0.9990067
1305031108.243347 0.1398391 -0.0278291 0.0542305 0.0023885 0.0480800 -0.0161755 0.9987096
1305031108.411361 0.1897831 -0.0072709 0.0726812 -0.0120430 0.0455669 -0.0001142 0.9988887
1305031108.711411 0.3178426 0.0011346 0.0882389 -0.0165181 0.0745416 0.0255920 0.9967526
1305031108.911364 0.3356862 -0.0089611 0.0899075 -0.0176255 0.0828157 0.0508302 0.9951116
1305031109.143334 0.2812594 -0.0085212 0.0745471 -0.0147641 0.0672630 0.0332070 0.9970732
1305031110.411469 -0.2105089 0.0256183 0.0734396 -0.0730653 -0.0596596 -0.0362729 0.9948801
1305031110.679606 -0.2957739 0.0377770 0.0737759 -0.0870846 -0.0973990 -0.0675149 0.9891266
1305031111.179326 -0.2535509 0.0510352 0.0930836 -0.0878629 -0.0909681 -0.0685040 0.9896020
1305031112.711251 0.3473772 0.0077749 0.0965111 -0.0020938 0.0750455 0.0448875 0.9961671
1305031112.911411 0.3179926 0.0142661 0.1058211 -0.0232229 0.0767550 0.0504137 0.9955038
1305031113.111316 0.2603989 0.0079735 0.0993362 -0.0313070 0.0575620 0.0331609 0.9972998
1305031114.443345 -0.3107629 0.0121710 0.1026711 -0.0214301 -0.0564059 -0.0653835 0.9960342
1305031114.644136 -0.3528849 0.0099538 0.1074785 -0.0346192 -0.0789931 -0.0618035 0.9943550
1305031115.011300 -0.3268168 0.0304069 0.1135581 -0.0393662 -0.0940242 -0.0766219 0.9918361
1305031115.211374 -0.2536882 0.0252057 0.1360413 -0.0520510 -0.0739878 -0.0686587 0.9935303
1305031115.943311 0.1373304 0.0189783 0.1636685 -0.0579203 0.0159245 0.0684843 0.9958421
1305031116.179572 0.2239752 0.0372688 0.1798501 -0.0775679 0.0743956 0.0907733 0.9900549
1305031116.379384 0.2778232 0.0235421 0.1851245 -0.0889573 0.1117687 0.1077622 0.9838606
1305031116.643355 0.2259530 0.0259832 0.1694447 -0.0790820 0.1075779 0.0974918 0.9862395
1305031116.846089 0.1312034 0.0275454 0.1583266 -0.0782398 0.0762774 0.0419079 0.9931284
1305031117.111238 -0.0194356 0.0443149 0.1359125 -0.0775151 -0.0025522 -0.0083647 0.9969528
1305031118.111217 -0.0460350 -0.1396149 0.2164279 -0.0828808 -0.0460889 -0.0106416 0.9954363
1305031118.343324 -0.0514297 -0.2041598 0.2430548 -0.0612670 -0.0359658 -0.0140604 0.9973741
1305031119.779169 -0.0610651 0.1676361 0.0994191 -0.0753128 -0.0367830 -0.0119021 0.9964103
1305031120.015264 -0.0629845 0.2300849 0.0846041 -0.0874786 -0.0240340 -0.0031052 0.9958716
1305031121.414318 -0.0541674 -0.1289509 0.2072713 -0.0189088 -0.0602199 -0.0014346 0.9980050
1305031121.647183 -0.0547204 -0.1877365 0.2248721 -0.0147447 -0.0487154 -0.0032198 0.9986987
1305031122.314289 -0.0658419 -0.1114616 0.2007832 -0.0308137 -0.0432147 -0.0280922 0.9981953
1305031123.214704 -0.0655138 0.1639689 0.1048415 -0.0768617 -0.0517952 -0.0169681 0.9955509
1305031123.483594 -0.0614556 0.2387314 0.0982493 -0.1111181 -0.0237578 -0.0016298 0.9935219
1305031123.751723 -0.0504409 0.2992437 0.0902882 -0.1288238 -0.0121911 0.0122260 0.9915172
1305031124.111331 -0.0510079 0.2822454 0.0989757 -0.1066149 -0.0308760 0.0192212 0.9936350
1305031124.382420 -0.0497462 0.1787151 0.1208699 -0.0959516 -0.0495532 0.0118185 0.9940816
1305031126.147432 -0.0527586 -0.0229267 0.1926363 -0.0350768 -0.0646585 -0.0130081 0.9972060
1305031127.279465 -0.0362642 0.1609602 0.1431992 -0.0929936 -0.0440186 0.0097675 0.9946452
