1305031102.175304 0.000000000 0.000000000 0.000000000 0.000000000 0.000000000 0.000000000 1.000000000
1305031102.211214 -0.001649078 0.008137429 0.010860793 -0.001902740 -0.002955621 -0.001627640 0.999992490
1305031102.275326 -0.003692540 0.008566952 0.035124492 -0.013166582 -0.008532901 -0.001234991 0.999876142
1305031102.311267 -0.001247892 0.006099867 0.049163729 -0.018340854 -0.011518952 -0.000128001 0.999765456
1305031102.343233 -0.002417987 0.007554524 0.060358793 -0.020005554 -0.012987397 0.001652022 0.999714136
1305031102.375329 -0.002858391 0.008219326 0.072483286 -0.022174321 -0.014896692 0.001824436 0.999641478
1305031102.411258 -0.007497971 0.012638469 0.082473345 -0.022951666 -0.016273877 0.000775559 0.999603808
1305031102.443271 -0.003620823 0.019321639 0.094050169 -0.026909769 -0.021748083 0.001478099 0.999400198
1305031102.475318 -0.001949324 0.019740354 0.106014565 -0.033950806 -0.024396207 0.000776976 0.999125421
1305031102.511219 -0.001440962 0.021412039 0.118879110 -0.038238522 -0.023277204 -0.000680932 0.998997271
1305031102.575286 -0.000047939 0.015490367 0.144201100 -0.046233702 -0.021512557 -0.003770109 0.998691857
1305031102.611233 -0.002270266 0.013299087 0.156153157 -0.044094276 -0.017887684 -0.003207978 0.998862028
1305031102.675285 -0.008095750 0.023372931 0.178855255 -0.042089682 -0.017347408 -0.001052496 0.998962641
1305031102.711263 -0.007889357 0.022992752 0.192349374 -0.043328010 -0.017867470 0.000309400 0.998901010
1305031102.743234 -0.007628444 0.031192170 0.204279885 -0.042491350 -0.018375553 0.001981562 0.998925865
1305031102.775472 -0.006306795 0.031387884 0.217721120 -0.045059402 -0.016676612 -0.000088376 0.998845100
1305031102.811232 -0.008125093 0.035380002 0.230114162 -0.045584597 -0.013095750 -0.001070392 0.998874009
1305031102.843290 -0.005708904 0.036064751 0.242252082 -0.047309954 -0.010796242 -0.001836644 0.998820245
1305031102.875363 -0.010138306 0.039163165 0.254137427 -0.046054713 -0.006376987 -0.004233248 0.998909593
1305031102.911185 -0.010082024 0.042656749 0.265836298 -0.045371983 -0.005275643 -0.005547899 0.998940825
1305031102.975203 -0.024184741 0.048422303 0.285998493 -0.045599438 -0.007511320 -0.007038349 0.998906732
1305031103.011215 -0.024079656 0.051797859 0.297202528 -0.046361290 -0.014042191 -0.004642542 0.998815238
1305031103.043227 -0.025341626 0.054898426 0.308116853 -0.047919706 -0.019608533 -0.002411744 0.998655796
1305031103.075319 -0.021776952 0.054733943 0.319268942 -0.048146203 -0.023557888 -0.000650508 0.998562217
1305031103.111240 -0.021804390 0.062092561 0.326941878 -0.045760628 -0.023315670 0.001227152 0.998679519
1305031103.143318 -0.018345654 0.063955314 0.336072564 -0.047409024 -0.025039833 0.003349441 0.998556018
1305031103.175452 -0.019263802 0.070239112 0.343523711 -0.046795979 -0.023288071 0.003769305 0.998625815
1305031103.243216 -0.020120896 0.080498688 0.359654754 -0.056871522 -0.023446335 0.008698793 0.998068273
1305031103.275370 -0.025737034 0.080929115 0.365200162 -0.066520058 -0.024326341 0.012417843 0.997411191
1305031103.311210 -0.025801903 0.075116031 0.370802790 -0.074839659 -0.033468623 0.011894070 0.996562779
1305031103.343223 -0.019976910 0.076624103 0.372368217 -0.075214140 -0.039041273 0.012103744 0.996329308
1305031103.375327 -0.017951788 0.075554982 0.373368680 -0.079022899 -0.038404856 0.013934984 0.996035278
1305031103.411260 -0.018590355 0.071167633 0.373074114 -0.081700899 -0.037772600 0.015188627 0.995825052
1305031103.443280 -0.019831497 0.068770573 0.368971199 -0.082015939 -0.039565027 0.015133812 0.995730340
1305031103.475274 -0.019783389 0.065168232 0.364803672 -0.081957474 -0.042083345 0.012862201 0.995663881
1305031103.511333 -0.019537026 0.059466656 0.358078033 -0.080407418 -0.043455925 0.010359186 0.995760500
1305031103.543444 -0.018686386 0.054333102 0.350056857 -0.076708019 -0.044931054 0.008495718 0.996004462
1305031103.575474 -0.020282835 0.051588766 0.339901686 -0.072403587 -0.045692369 0.008749740 0.996289790
1305031103.611223 -0.020685114 0.046756707 0.330012143 -0.070433944 -0.048871774 0.010262299 0.996265650
1305031103.643445 -0.021143807 0.043069303 0.318962365 -0.067296818 -0.052311577 0.010055784 0.996309936
1305031103.675523 -0.018127497 0.039440285 0.307725549 -0.064690843 -0.055624563 0.010569919 0.996297777
1305031103.711610 -0.015320081 0.036217608 0.295651406 -0.062116139 -0.057251729 0.010923393 0.996365666
1305031103.743326 -0.013057471 0.028774567 0.282963455 -0.060784105 -0.057352062 0.009934330 0.996452391
1305031103.775342 -0.012218024 0.026939347 0.268080533 -0.057096060 -0.056816097 0.007008244 0.996726096
1305031103.811242 -0.013800029 0.025403950 0.255544782 -0.057229418 -0.054710411 0.003148113 0.996855855
1305031103.843251 -0.015445565 0.027195953 0.241730645 -0.058786701 -0.054285977 0.000767577 0.996793151
1305031103.875361 -0.014822427 0.017612882 0.228216365 -0.065690242 -0.057721213 -0.002243841 0.996166646
1305031103.911221 -0.017807992 0.008511456 0.219439968 -0.067015126 -0.059528273 -0.004466915 0.995964587
1305031103.943211 -0.014146032 0.006532692 0.201119587 -0.064167388 -0.063380241 -0.005208007 0.995910823
1305031103.975373 -0.010578438 0.000373761 0.187721863 -0.062822759 -0.066092551 -0.006354997 0.995813549
1305031104.011232 -0.003316641 -0.009444759 0.177439660 -0.061611541 -0.068286762 -0.006053018 0.995743096
1305031104.043249 0.000348491 -0.012640258 0.161167517 -0.054525442 -0.065564618 -0.007567734 0.996328771
1305031104.075425 0.002425146 -0.011771546 0.146027058 -0.049577821 -0.061043140 -0.010531622 0.996847451
1305031104.111235 0.007531590 -0.017657438 0.135326788 -0.047376793 -0.056860205 -0.011935388 0.997186005
1305031104.143230 0.005174863 -0.023023060 0.119928993 -0.043048356 -0.050018761 -0.013157822 0.997733355
1305031104.175424 0.004261750 -0.024613535 0.105715998 -0.038473461 -0.046324912 -0.013986018 0.998087287
1305031104.211283 0.005103293 -0.030604856 0.092612587 -0.035218645 -0.043765891 -0.014105118 0.998321235
1305031104.243196 0.005622807 -0.032290731 0.079332657 -0.030251443 -0.041466739 -0.014222324 0.998580515
1305031104.275546 0.004952918 -0.033592042 0.067526504 -0.025511000 -0.038221665 -0.015165742 0.998828471
1305031104.311219 0.006213150 -0.032592461 0.054755613 -0.020675752 -0.035265729 -0.015591684 0.999042392
1305031104.343342 0.010896408 -0.035847321 0.043304488 -0.018731073 -0.032512795 -0.015394221 0.999177217
1305031104.375837 0.011997579 -0.037414044 0.032070864 -0.017165214 -0.027962958 -0.014707590 0.999353349
1305031104.411509 0.008290200 -0.036746014 0.022550853 -0.015254119 -0.023244606 -0.014363737 0.999510229
1305031104.443288 0.002956646 -0.037807103 0.011807316 -0.015113855 -0.020390501 -0.013836099 0.999582112
1305031104.475456 -0.001443501 -0.038829297 0.001508353 -0.015290841 -0.020810150 -0.013319040 0.999577820
1305031104.511329 -0.002218317 -0.042781241 -0.006683560 -0.015111812 -0.023279151 -0.012329506 0.999538779
1305031104.543368 -0.000870501 -0.044303227 -0.015327262 -0.011660646 -0.025474779 -0.011699208 0.999539018
1305031104.575343 0.005284483 -0.048858482 -0.022668414 -0.008089968 -0.026630487 -0.010741569 0.999554873
1305031104.611336 0.015934227 -0.061427124 -0.031412430 -0.001692923 -0.024612777 -0.008570221 0.999658883
1305031104.643243 0.017719980 -0.059827082 -0.043769930 0.010941450 -0.017241951 -0.008593805 0.999754548
1305031104.675525 0.021878883 -0.065092802 -0.051780641 0.021096509 -0.010309605 -0.006983754 0.999699891
1305031104.711277 0.018363670 -0.065210000 -0.064082988 0.034952141 -0.001492845 -0.005895742 0.999370456
1305031104.743280 0.021652095 -0.063824177 -0.074564122 0.048315149 0.004910769 -0.003434502 0.998814166
1305031104.775327 0.023163488 -0.063573003 -0.083519496 0.060320415 0.011763924 -0.001427132 0.998108685
1305031104.811465 0.027351543 -0.056510929 -0.090053529 0.072519556 0.017258257 0.001524230 0.997216463
1305031104.843258 0.026239436 -0.052731767 -0.096523963 0.081279613 0.024245862 0.004120436 0.996387839
1305031104.875350 0.021881940 -0.045710467 -0.100806072 0.088035457 0.028324334 0.006394707 0.995694041
1305031104.911534 0.023309832 -0.041337047 -0.102845334 0.090802521 0.028977804 0.008389166 0.995411873
1305031104.943262 0.022584612 -0.038445823 -0.101878747 0.092179485 0.029805325 0.009360054 0.995252192
1305031104.975202 0.022602826 -0.030000722 -0.097636588 0.092614688 0.028772315 0.010592293 0.995229840
1305031105.011290 0.024537917 -0.026268251 -0.091669515 0.088344768 0.027678996 0.011243207 0.995641828
1305031105.043373 0.023017218 -0.022225261 -0.083632208 0.083249211 0.027421426 0.010066748 0.996100545
1305031105.075320 0.023199372 -0.023562964 -0.073781118 0.075635716 0.026380833 0.007889123 0.996755242
1305031105.111299 0.018798167 -0.027932301 -0.064130075 0.068612300 0.026409276 0.005786334 0.997277021
1305031105.143106 0.012498870 -0.015359125 -0.053071760 0.064944632 0.024809990 0.003106109 0.997575581
1305031105.175159 0.012321263 -0.008608134 -0.037146658 0.052789107 0.020707922 0.001692079 0.998389482
1305031105.211268 0.007986934 -0.016182171 -0.023672637 0.038899533 0.017433934 -0.000246141 0.999090970
1305031105.243270 0.002627344 -0.014347265 -0.010432456 0.030718621 0.012727880 -0.002354039 0.999444246
1305031105.275288 -0.004084363 -0.010429843 0.003558355 0.020947969 0.007485167 -0.004853070 0.999740779
1305031105.311290 -0.008652659 -0.013470858 0.016727477 0.009788007 0.001057488 -0.005970568 0.999933720
1305031105.343302 -0.009743740 -0.016653074 0.033083815 0.001066362 -0.005625438 -0.006489529 0.999962568
1305031105.375338 -0.012379084 -0.017849434 0.046093874 -0.002680520 -0.009888297 -0.006641230 0.999925435
1305031105.411286 -0.014927574 -0.008865638 0.057750870 -0.005984701 -0.014231235 -0.007745516 0.999850810
1305031105.443316 -0.013498278 -0.014164747 0.073232733 -0.014446390 -0.019310122 -0.008344078 0.999674380
1305031105.475280 -0.013953329 -0.012959069 0.086950414 -0.017716043 -0.022610551 -0.007888527 0.999556243
1305031105.511332 -0.012799394 -0.008676943 0.100182354 -0.021293594 -0.025867602 -0.007974037 0.999406755
1305031105.543282 -0.013856806 -0.010411968 0.115087114 -0.026027486 -0.026413636 -0.007029881 0.999287486
1305031105.575449 -0.015677122 -0.008472539 0.128524289 -0.028647108 -0.027291153 -0.006957526 0.999192715
1305031105.611378 -0.013085793 -0.010706088 0.144444451 -0.032281611 -0.029265579 -0.005791917 0.999033451
1305031105.643273 -0.015615472 -0.008888361 0.158105284 -0.032748617 -0.028856475 -0.003178674 0.999041915
1305031105.711309 -0.007904378 -0.009447765 0.187868699 -0.035006024 -0.030116053 -0.002044525 0.998931110
1305031105.743312 -0.009321415 -0.002384637 0.199932009 -0.031826347 -0.025561903 -0.002122851 0.999164224
1305031105.775339 -0.006080769 -0.002935883 0.215623692 -0.032972988 -0.021880696 -0.002222412 0.999214232
1305031105.811283 -0.006015174 -0.001324973 0.230167568 -0.031635333 -0.017002638 -0.000944441 0.999354362
1305031105.843271 -0.004162500 0.002884123 0.243193537 -0.029054480 -0.013708113 -0.000117026 0.999483824
1305031105.875337 -0.002909923 0.008927955 0.255817145 -0.028076852 -0.009057323 0.001865484 0.999563038
1305031105.911262 -0.002595789 0.013685164 0.270744830 -0.030158244 -0.005070315 0.006459739 0.999511421
1305031105.943272 -0.002917736 0.018842213 0.283147752 -0.032250624 -0.001613890 0.008631769 0.999441266
1305031105.975329 -0.003417769 0.023494387 0.296110868 -0.036276188 0.000652029 0.010054859 0.999291003
1305031106.011285 -0.002296874 0.027976956 0.308196872 -0.040044636 0.002538969 0.011818044 0.999124765
1305031106.043355 -0.003686223 0.031010695 0.319877446 -0.044757370 0.005031570 0.012974478 0.998900950
1305031106.075330 -0.005292472 0.037129778 0.332025319 -0.047123585 0.006421149 0.014975892 0.998756170
1305031106.111327 -0.006414894 0.045066044 0.341083735 -0.050462253 0.006214777 0.015936274 0.998579502
1305031106.143355 -0.009252971 0.046840690 0.352307886 -0.057556815 0.005555102 0.017728558 0.998169363
1305031106.175534 -0.010303441 0.048841119 0.362375289 -0.061514996 0.004056613 0.018463209 0.997927129
1305031106.211275 -0.011220219 0.047803674 0.372467160 -0.065980919 0.002610630 0.019063175 0.997635365
1305031106.243267 -0.012025560 0.049972083 0.379227906 -0.066232152 0.001300465 0.022830822 0.997542143
1305031106.276385 -0.012819026 0.055833671 0.385482520 -0.066450045 -0.000500409 0.024118744 0.997498095
1305031106.311238 -0.012734411 0.059415601 0.390897542 -0.069850951 -0.001970865 0.027529163 0.997175574
1305031106.343258 -0.013507830 0.067104965 0.393855751 -0.073005788 -0.003256380 0.027604133 0.996944129
1305031106.375388 -0.010023390 0.068694323 0.396353662 -0.081743300 -0.004558963 0.020354297 0.996435165
1305031106.411320 -0.007260746 0.059251804 0.398145914 -0.091726355 -0.000564394 0.014754573 0.995674789
1305031106.443278 -0.013402262 0.057289615 0.396872312 -0.092205852 0.005972810 0.010034213 0.995671511
1305031106.475345 -0.016687693 0.054596208 0.392789751 -0.092371233 0.006377940 0.008792578 0.995665371
1305031106.511129 -0.018396927 0.050981425 0.387837589 -0.090769902 0.003497427 0.008247987 0.995831609
1305031106.543302 -0.016186096 0.047851648 0.378583431 -0.087834850 -0.001619514 0.007522984 0.996105313
1305031106.575282 -0.015632676 0.045196664 0.367996395 -0.084881559 -0.003865591 0.006488781 0.996362388
1305031106.611151 -0.016772456 0.044230636 0.356599092 -0.084163427 -0.006821130 0.003520331 0.996422410
1305031106.643207 -0.015995534 0.037130374 0.345608741 -0.085242085 -0.009878941 0.001242243 0.996310532
1305031106.675279 -0.020142455 0.036075566 0.333596945 -0.082767390 -0.011191213 0.001376526 0.996505082
1305031106.711508 -0.021470752 0.030694677 0.320895731 -0.085300960 -0.016705004 0.000640733 0.996214926
1305031106.743341 -0.021791644 0.028888278 0.304769874 -0.082607992 -0.023066554 0.000929306 0.996314704
1305031106.775390 -0.019091515 0.024501694 0.289693326 -0.082314275 -0.030055022 0.001205993 0.996152401
1305031106.811289 -0.019661244 0.022799456 0.274487525 -0.082569614 -0.033431031 0.000486801 0.996024311
1305031106.843416 -0.018504066 0.012826696 0.260635704 -0.085167505 -0.037852436 -0.001007081 0.995646834
1305031106.875905 -0.014773940 0.009353567 0.243763283 -0.078992903 -0.041283932 -0.004411784 0.996010184
1305031106.911243 -0.015402799 0.010486903 0.224602059 -0.074023485 -0.039982844 -0.008707817 0.996416628
1305031106.943439 -0.013163548 0.000994576 0.210935369 -0.074621655 -0.040078074 -0.012619971 0.996326268
1305031106.975547 -0.012056476 -0.005048241 0.194924772 -0.068685487 -0.038090196 -0.016005836 0.996782482
1305031107.011576 -0.012814147 -0.002791440 0.172396943 -0.061094109 -0.034781314 -0.019439753 0.997336388
1305031107.043281 -0.014105544 -0.008413003 0.157256991 -0.061639238 -0.032109927 -0.022336671 0.997331738
1305031107.075432 -0.016975101 -0.017365342 0.141109690 -0.058717370 -0.030254070 -0.023137061 0.997547805
1305031107.111229 -0.016561277 -0.016353674 0.125879854 -0.052870903 -0.030885480 -0.023618767 0.997844160
1305031107.143260 -0.013754936 -0.014375939 0.109123975 -0.049680751 -0.030654632 -0.024011141 0.998005807
1305031107.175399 -0.011116389 -0.023906996 0.098354064 -0.049715485 -0.029816924 -0.024612915 0.998014808
1305031107.211358 -0.009953441 -0.027663408 0.083727196 -0.043043084 -0.027515421 -0.026570218 0.998340726
1305031107.243378 -0.006982482 -0.030768147 0.069814183 -0.038024165 -0.025003733 -0.026343470 0.998616576
1305031107.275398 -0.002373157 -0.035805177 0.059011851 -0.033490594 -0.022922816 -0.025863480 0.998841345
1305031107.311226 -0.003207124 -0.039328307 0.048936028 -0.026181661 -0.018753218 -0.026774734 0.999122620
1305031107.343509 0.001052506 -0.045888666 0.037244979 -0.016253743 -0.015762374 -0.026914241 0.999381304
1305031107.375413 0.001903171 -0.040587865 0.024062820 -0.005597092 -0.010494687 -0.026810808 0.999569774
1305031107.411271 0.006256640 -0.042297747 0.016064497 0.000625991 -0.006715973 -0.027555082 0.999597549
1305031107.443419 0.007434658 -0.041085400 0.008994911 0.006164840 -0.001902425 -0.027771894 0.999593437
1305031107.475377 0.011340693 -0.040975004 0.006229207 0.009249846 0.001720474 -0.026200736 0.999612451
1305031107.511352 0.012214526 -0.034777235 0.003712789 0.012138281 0.005425713 -0.025630990 0.999583125
1305031107.543605 0.017192375 -0.034982767 0.004092606 0.009681289 0.007138952 -0.023607997 0.999648929
1305031107.575454 0.017941166 -0.040092915 0.005752773 0.008223978 0.009548536 -0.020737438 0.999705553
1305031107.611271 0.019932372 -0.031720281 0.005244517 0.010573562 0.010848989 -0.019277863 0.999699414
1305031107.643323 0.021840246 -0.031369012 0.007020975 0.007204831 0.011952540 -0.017924566 0.999741971
1305031107.675568 0.020963175 -0.031573694 0.010469442 0.005748730 0.012767926 -0.017269149 0.999752820
1305031107.711307 0.020286597 -0.027136778 0.011947622 0.005226305 0.012655471 -0.016034335 0.999777675
1305031107.743538 0.017435731 -0.021856237 0.012478139 0.003020245 0.012022537 -0.015303669 0.999806046
1305031107.775802 0.018160481 -0.023130339 0.016421529 -0.000338058 0.008956038 -0.016634353 0.999821484
1305031107.811596 0.019353626 -0.019698374 0.018631842 -0.001747188 0.006861199 -0.016876547 0.999832511
1305031107.843332 0.020485850 -0.019647874 0.020016991 -0.004479590 0.006415893 -0.017748052 0.999811888
1305031107.875358 0.025646731 -0.023728687 0.023129664 -0.006306295 0.006610752 -0.021270905 0.999732018
1305031107.911541 0.029428532 -0.024552535 0.024489108 -0.005662818 0.009362783 -0.023772633 0.999657512
1305031107.943122 0.036040589 -0.025805803 0.027243737 -0.004045343 0.011998658 -0.024174472 0.999627590
1305031107.975807 0.041713849 -0.026115721 0.030647671 -0.001403724 0.016301135 -0.023699841 0.999585211
1305031108.011320 0.053530026 -0.026567467 0.030726572 0.002123695 0.019585913 -0.025609763 0.999477863
1305031108.043418 0.069092341 -0.023256214 0.033782680 0.005116039 0.024432283 -0.023578759 0.999410272
1305031108.075352 0.077511981 -0.024536990 0.038800579 0.006070653 0.033843834 -0.017967274 0.999247193
1305031108.111378 0.085418530 -0.027747894 0.041064817 0.007915496 0.039875235 -0.017802730 0.999014676
1305031108.143334 0.098519191 -0.022376319 0.045091387 0.011385802 0.042395733 -0.016996427 0.998891413
1305031108.176058 0.108475633 -0.016682994 0.047507346 0.011056718 0.046186499 -0.013933472 0.998774469
1305031108.211475 0.120728806 -0.019450838 0.052670546 0.005303578 0.047143381 -0.014321855 0.998771369
1305031108.243347 0.138254374 -0.026548395 0.056802601 0.002672169 0.048522454 -0.016375136 0.998684287
1305031108.275358 0.147580415 -0.018198917 0.059350897 0.005105401 0.053139199 -0.016086839 0.998444498
1305031108.311332 0.152731240 -0.013811986 0.063573554 0.002157493 0.055804882 -0.014790236 0.998329818
1305031108.343278 0.163198605 -0.010361819 0.068844631 -0.002600554 0.054143745 -0.012832223 0.998447299
1305031108.375410 0.172432080 -0.008779577 0.072514437 -0.007568820 0.051519193 -0.007582864 0.998614550
1305031108.411361 0.187628418 -0.006393803 0.074314065 -0.011581639 0.046334546 -0.001107643 0.998858213
1305031108.443610 0.204455614 -0.004533391 0.075182095 -0.015658906 0.043208871 0.006112232 0.998924673
1305031108.475471 0.216754571 -0.009701166 0.078455351 -0.020320578 0.042683266 0.012795357 0.998800039
1305031108.511378 0.233830035 -0.014031661 0.084253743 -0.021071382 0.044532888 0.016472951 0.998649836
1305031108.543737 0.247578472 -0.018323855 0.086628355 -0.018280055 0.051181596 0.015209825 0.998406231
1305031108.575414 0.260895550 -0.009277534 0.082537167 -0.011904977 0.055183522 0.013852727 0.998309135
1305031108.611407 0.274725944 -0.008127339 0.088477582 -0.012306065 0.060597513 0.013826031 0.997990668
1305031108.643303 0.284078807 -0.003982476 0.088276751 -0.011119250 0.066432305 0.015812360 0.997603655
1305031108.675375 0.298415720 -0.000357066 0.088219590 -0.013589540 0.070992343 0.019009730 0.997203112
1305031108.711411 0.308339715 -0.002031025 0.092216484 -0.018066611 0.078307450 0.023548270 0.996487319
1305031108.743502 0.316605061 -0.004394956 0.091505297 -0.019742126 0.082715653 0.025490249 0.996051490
1305031108.775493 0.325693876 -0.002758081 0.090716556 -0.020508295 0.085726723 0.027714435 0.995721996
1305031108.811244 0.329696953 -0.003185690 0.092946276 -0.021900820 0.089190602 0.032873970 0.995230973
1305031108.843264 0.331212878 -0.004966292 0.092684835 -0.021258149 0.089686126 0.038908646 0.994982719
1305031108.876515 0.330534518 -0.004571900 0.090900399 -0.019176560 0.087645546 0.044596601 0.994968176
1305031108.911364 0.331193209 -0.009215787 0.090994798 -0.017501149 0.084376357 0.050345168 0.995007396
1305031108.943243 0.325538129 -0.012274321 0.088473655 -0.013389017 0.082184993 0.050883394 0.995227218
1305031108.975268 0.319161832 -0.006783542 0.083796963 -0.008397256 0.077334799 0.048260909 0.995801032
1305031109.011269 0.321670264 -0.006695829 0.080626972 -0.008793798 0.071767233 0.046930630 0.996277869
1305031109.043277 0.312630862 -0.009474318 0.077699564 -0.008565858 0.072010264 0.045012828 0.996350825
1305031109.075410 0.304251462 -0.000461124 0.075204127 -0.007585730 0.069614634 0.039823297 0.996749878
1305031109.111282 0.297451258 -0.003445756 0.075028971 -0.012419984 0.067830458 0.036697805 0.996944368
1305031109.143334 0.279818773 -0.005915991 0.076819092 -0.013348424 0.067832671 0.034150586 0.997022688
1305031109.175464 0.267998666 -0.000064543 0.074240386 -0.011943085 0.061647572 0.030726016 0.997553408
1305031109.211379 0.261556625 0.016040519 0.073325351 -0.012244691 0.054843456 0.033995051 0.997840941
1305031109.243290 0.247928157 0.011862608 0.072582506 -0.022199469 0.052926119 0.038571101 0.997606277
1305031109.275308 0.227246538 -0.006656029 0.073113129 -0.029797327 0.051960118 0.041512530 0.997340918
1305031109.311329 0.211168677 -0.000711873 0.071444117 -0.025468694 0.044259716 0.042492148 0.997790992
1305031109.343248 0.200706437 0.006650900 0.068766549 -0.026060736 0.033084717 0.042248804 0.998219013
1305031109.375397 0.186557189 0.003307315 0.068861224 -0.029795228 0.025613815 0.041263495 0.998375416
1305031109.411329 0.171736300 0.006566279 0.068820857 -0.029506259 0.019410534 0.037837688 0.998659551
1305031109.443302 0.160581484 0.010634885 0.064730473 -0.031927604 0.013564426 0.032369979 0.998873770
1305031109.475363 0.146391943 0.006856746 0.063963488 -0.035627417 0.012302442 0.028625792 0.998879313
1305031109.511273 0.132665351 0.002291079 0.062627941 -0.036661949 0.010238986 0.024069071 0.998985350
1305031109.543294 0.121069901 0.002638783 0.059556585 -0.033872608 0.008273356 0.021410026 0.999162555
1305031109.575362 0.106929533 0.004952775 0.056126971 -0.032958437 0.008318367 0.021597747 0.999188721
1305031109.611310 0.095079817 0.003634718 0.051704209 -0.034168806 0.006496705 0.019826550 0.999198258
1305031109.643229 0.083074570 0.007471595 0.054557089 -0.033635132 0.005356317 0.019217944 0.999235034
1305031109.675263 0.067182593 0.012667215 0.049701456 -0.034127288 0.005793824 0.021253262 0.999174654
1305031109.711312 0.050915737 0.015151055 0.049497049 -0.036401283 0.003536858 0.020187601 0.999127090
1305031109.743274 0.039242301 0.014422243 0.050145164 -0.041476451 0.000012498 0.019554593 0.998948097
1305031109.775277 0.027610378 0.012286817 0.050082412 -0.045140684 -0.001570072 0.019697879 0.998785198
1305031109.811371 0.012788051 0.015870810 0.050102308 -0.046300855 -0.002090517 0.018874105 0.998747051
1305031109.843296 -0.000861143 0.016458867 0.051725153 -0.049661398 -0.004403513 0.017992578 0.998594344
1305031109.875306 -0.019024193 0.017345335 0.052795328 -0.053131819 -0.005890802 0.016607383 0.998432040
1305031109.911265 -0.027820503 0.012312934 0.057624809 -0.056211818 -0.013514706 0.011509231 0.998261034
1305031109.943299 -0.039560098 0.021085551 0.060423244 -0.055788014 -0.017045707 0.007784959 0.998266757
1305031109.975258 -0.055895809 0.022582086 0.062216654 -0.059136517 -0.018063882 0.002222336 0.998083949
1305031110.011256 -0.067370504 0.020396555 0.066748954 -0.062694885 -0.020948788 -0.004117151 0.997804344
1305031110.043299 -0.081001684 0.020561989 0.067115337 -0.065302111 -0.021489231 -0.010882976 0.997574806
1305031110.075319 -0.098611020 0.027472485 0.069941081 -0.064982168 -0.019871740 -0.017299842 0.997538507
1305031110.111325 -0.112115152 0.025300626 0.071526572 -0.070588477 -0.021241287 -0.021658359 0.997044146
1305031110.143432 -0.124215566 0.019638758 0.075465374 -0.073681138 -0.024867751 -0.025097962 0.996655822
1305031110.175641 -0.137761578 0.027997693 0.074514009 -0.072792545 -0.027379105 -0.026875189 0.996608913
1305031110.211637 -0.147728428 0.024672061 0.077881925 -0.077681743 -0.031136250 -0.028447539 0.996085763
1305031110.243323 -0.159909099 0.020886393 0.078512028 -0.079189166 -0.034670074 -0.027976725 0.995863616
1305031110.279321 -0.169902861 0.020978326 0.080106236 -0.077413484 -0.038316056 -0.029081384 0.995837986
1305031110.311404 -0.181434914 0.021569815 0.078185298 -0.074768528 -0.041447476 -0.030238494 0.995880246
1305031110.343355 -0.192735806 0.024408437 0.078777105 -0.073360801 -0.046054102 -0.031742126 0.995735705
1305031110.379281 -0.205009088 0.024666093 0.078266941 -0.072576620 -0.051166546 -0.034783080 0.995441973
1305031110.411469 -0.213879988 0.025352607 0.072909810 -0.073119290 -0.058156352 -0.036293171 0.994964421
1305031110.443260 -0.226860508 0.028613586 0.072245926 -0.076390199 -0.063199863 -0.040759638 0.994237900
1305031110.479331 -0.239217490 0.026094941 0.074526206 -0.079945602 -0.069984674 -0.046111211 0.993269622
1305031110.511429 -0.250243127 0.025469763 0.073366150 -0.080805965 -0.077268511 -0.049163871 0.992513418
1305031110.543408 -0.260539889 0.031705257 0.072593741 -0.080984488 -0.083605535 -0.052667465 0.991805315
1305031110.579426 -0.271300107 0.035016611 0.071845971 -0.085232228 -0.089215063 -0.058304679 0.990644574
1305031110.611307 -0.279783815 0.033447802 0.078270018 -0.089470387 -0.093221806 -0.061743252 0.989693165
1305031110.643418 -0.289220393 0.033717018 0.079467371 -0.087616675 -0.095103770 -0.064473026 0.989505887
1305031110.679606 -0.297588795 0.037730101 0.074309446 -0.087239072 -0.096608520 -0.067309119 0.989204586
1305031110.711412 -0.303867906 0.038176648 0.078422539 -0.090402752 -0.098594010 -0.068629362 0.988633692
1305031110.743249 -0.309060723 0.038308233 0.079336196 -0.090511002 -0.100285009 -0.069779977 0.988373101
1305031110.779193 -0.313039660 0.041500732 0.079061113 -0.089438006 -0.101691566 -0.070790663 0.988255203
1305031110.811386 -0.316862404 0.041632462 0.078266591 -0.090227596 -0.101578079 -0.073014587 0.988033235
1305031110.843218 -0.319331259 0.040025331 0.078751460 -0.092417471 -0.103870727 -0.074252114 0.987500131
1305031110.879313 -0.318788320 0.042014029 0.080017857 -0.091526702 -0.105992556 -0.074627675 0.987329304
1305031110.911333 -0.317910671 0.042165402 0.079994038 -0.092340410 -0.107348010 -0.075372145 0.987050474
1305031110.943862 -0.313326180 0.044940479 0.082715712 -0.091180913 -0.110061444 -0.076465167 0.986775339
1305031110.979345 -0.307542384 0.049083661 0.080471262 -0.089945458 -0.108625643 -0.077814639 0.986942351
1305031111.011431 -0.301404655 0.049956556 0.085114278 -0.090881906 -0.103834912 -0.077251151 0.987416327
1305031111.043327 -0.295445204 0.049033139 0.084043309 -0.090246439 -0.098143384 -0.074872278 0.988239646
1305031111.079283 -0.287965119 0.049070939 0.082408033 -0.092593543 -0.095746741 -0.072498642 0.988434613
1305031111.111508 -0.277215034 0.046895150 0.086887702 -0.094276309 -0.094611689 -0.068890676 0.988642812
1305031111.143257 -0.268529028 0.046000190 0.087858446 -0.092269830 -0.091996580 -0.068175785 0.989128411
1305031111.179326 -0.256606817 0.052338883 0.094018444 -0.087173000 -0.089201331 -0.069924362 0.989724457
1305031111.211433 -0.246606022 0.050549701 0.090636984 -0.086108610 -0.080523811 -0.065989889 0.990831256
1305031111.243236 -0.237820297 0.043514907 0.089748316 -0.087855108 -0.077897906 -0.064190961 0.991006017
1305031111.279308 -0.221359089 0.038823858 0.090358563 -0.084783427 -0.077905357 -0.062811181 0.991361320
1305031111.311547 -0.216699272 0.043730669 0.083676085 -0.079821058 -0.070651658 -0.059297003 0.992532492
1305031111.343397 -0.205361187 0.038033247 0.082330033 -0.085754991 -0.074225947 -0.057611704 0.991875708
1305031111.379134 -0.187841684 0.032049250 0.086053900 -0.086124443 -0.078114763 -0.054414418 0.991725624
1305031111.411296 -0.179464027 0.036200546 0.084957011 -0.080310494 -0.078780100 -0.053653046 0.992202222
1305031111.443386 -0.161768362 0.038694710 0.090878986 -0.079325691 -0.085919105 -0.059259132 0.991369605
1305031111.479259 -0.121578440 0.027138032 0.095989183 -0.079737060 -0.089255579 -0.056467690 0.991204739
1305031111.511264 -0.113668635 0.024076611 0.092474818 -0.076621667 -0.076846406 -0.055165604 0.992562592
1305031111.543250 -0.103291743 0.023912730 0.092512965 -0.071975447 -0.068981700 -0.054821372 0.993506789
1305031111.579237 -0.094385594 0.029194180 0.086879343 -0.066666491 -0.057308856 -0.048972126 0.994923651
1305031111.611271 -0.086065806 0.024244990 0.085293420 -0.069587223 -0.052025825 -0.040670834 0.995387793
1305031111.643395 -0.066335164 0.018178158 0.095120467 -0.067297369 -0.055620182 -0.034202609 0.995594144
1305031111.679320 -0.034392070 0.022946402 0.090893872 -0.061323941 -0.054424949 -0.024144463 0.996340454
1305031111.711760 -0.021229971 0.021334352 0.094531156 -0.061391041 -0.046408661 -0.023238286 0.996763408
1305031111.743386 0.005893012 0.018865872 0.097974084 -0.058118623 -0.040257141 -0.018201817 0.997331560
1305031111.779423 0.016143557 0.023647349 0.096174084 -0.053233486 -0.020951731 -0.014415458 0.998258173
1305031111.811406 0.026454542 0.016582573 0.096346401 -0.052660815 -0.006142023 -0.014528499 0.998487830
1305031111.843299 0.039592534 0.019143777 0.094529286 -0.048300456 0.003750981 -0.011746150 0.998756707
1305031111.879442 0.040312909 0.021338183 0.094443217 -0.047745716 0.013718020 -0.009180726 0.998723149
1305031111.911354 0.045568563 0.015426483 0.096702956 -0.048596956 0.015180551 -0.003476666 0.998697042
1305031111.943300 0.062333670 0.016457718 0.096622907 -0.046234135 0.010162265 0.005201498 0.998865366
1305031111.979449 0.090131208 0.019679587 0.099665947 -0.044722416 0.007128408 0.013623184 0.998881102
1305031112.011433 0.107116051 0.016190423 0.099184588 -0.043616559 0.013443272 0.013055569 0.998872578
1305031112.043270 0.124885418 0.015179330 0.097221404 -0.040198736 0.019608298 0.010984446 0.998938918
1305031112.079339 0.138527051 0.017348835 0.098919123 -0.037112638 0.030726608 0.010538185 0.998782992
1305031112.111423 0.141409218 0.017253241 0.099203810 -0.034583926 0.041813608 0.005475658 0.998511672
1305031112.144342 0.161498249 0.018310299 0.097547598 -0.033853378 0.043786995 -0.000250980 0.998467147
1305031112.179390 0.185041174 0.016856635 0.097610116 -0.036671877 0.052726332 -0.003413110 0.997929573
1305031112.211254 0.195914388 0.007810995 0.102220878 -0.039131436 0.062594280 -0.009040726 0.997230649
1305031112.243369 0.208854124 -0.000076177 0.103944749 -0.035836395 0.072080083 -0.013405133 0.996664703
1305031112.279353 0.211832091 0.003491849 0.103963666 -0.028956264 0.080650970 -0.016870793 0.996178865
1305031112.311312 0.214963689 -0.005350917 0.104518592 -0.025830463 0.084967680 -0.020530526 0.995837212
1305031112.343323 0.228228286 -0.003016232 0.102680564 -0.017800869 0.084259793 -0.018592263 0.996111333
1305031112.379360 0.238675162 -0.002789345 0.103258021 -0.013614698 0.082769983 -0.014278521 0.996373355
1305031112.411442 0.253583163 -0.000485908 0.102036767 -0.010382170 0.078982115 -0.009744195 0.996774375
1305031112.443391 0.269909680 -0.004013406 0.099279851 -0.008593776 0.075848170 -0.002270361 0.997079730
1305031112.479418 0.276000261 -0.001992435 0.099027589 -0.004744043 0.075777680 0.007405448 0.997085929
1305031112.511504 0.286192060 -0.003990384 0.099073097 -0.003157080 0.071882635 0.015285566 0.997290969
1305031112.543212 0.294804662 -0.005617267 0.098275572 -0.001427681 0.068902627 0.018793486 0.997445345
1305031112.579252 0.304907918 -0.002320042 0.097259589 0.001738516 0.065177724 0.024604956 0.997568727
1305031112.611261 0.326962084 0.002807937 0.091662504 0.003453272 0.060308807 0.032179832 0.997654915
1305031112.643246 0.337977350 0.004061484 0.093396410 0.001084612 0.065226793 0.039473258 0.997088850
1305031112.679952 0.336563915 0.001918328 0.097810604 -0.002003884 0.073582388 0.041238375 0.996434152
1305031112.711251 0.338201344 0.004002245 0.098093271 -0.003634179 0.078340173 0.042632367 0.996008039
1305031112.743245 0.342407286 0.014882290 0.096593089 -0.005102442 0.080544837 0.046799675 0.995638609
1305031112.779310 0.341038525 0.009959869 0.100556105 -0.013915375 0.085129909 0.050014928 0.995016456
1305031112.811310 0.328360468 0.006596345 0.105150841 -0.016637258 0.088602223 0.048474681 0.994747698
1305031112.843286 0.324786305 0.013777430 0.103367142 -0.016869893 0.083081722 0.045790195 0.995347202
1305031112.879421 0.325155616 0.014147696 0.103563897 -0.020504717 0.079050459 0.048302807 0.995488524
1305031112.911411 0.315135390 0.013442558 0.103982024 -0.023309138 0.077625088 0.050135419 0.995448351
1305031112.943321 0.305441737 0.010430253 0.104035184 -0.026101084 0.073634468 0.048614673 0.995757639
1305031112.979278 0.302621365 0.011742906 0.102235161 -0.026084954 0.066721179 0.046849415 0.996329784
1305031113.011353 0.295796871 0.014885056 0.100030310 -0.027025966 0.063674405 0.046021517 0.996542633
1305031113.043231 0.284764051 0.012923819 0.101727344 -0.031959984 0.063597247 0.043023478 0.996535480
1305031113.079251 0.268583089 0.001755015 0.105664290 -0.035824440 0.063908294 0.037390903 0.996611357
1305031113.111316 0.256823003 0.006257762 0.100939736 -0.031894792 0.058939438 0.032389496 0.997226059
1305031113.143306 0.249891296 0.013821546 0.096867003 -0.031854827 0.054975450 0.031560224 0.997480273
1305031113.179343 0.236005664 0.004497318 0.096495688 -0.037299599 0.054498840 0.032846477 0.997276187
1305031113.211259 0.219154984 0.004332735 0.094229281 -0.035265196 0.050465629 0.034559969 0.997504473
1305031113.243227 0.204946876 0.010656517 0.091120981 -0.035153192 0.043917280 0.034807909 0.997809589
1305031113.279312 0.192085758 -0.001244244 0.093304560 -0.040881414 0.038778327 0.036958456 0.997726917
1305031113.311452 0.170430452 -0.010103402 0.090616025 -0.038631011 0.034611788 0.040261265 0.997842014
1305031113.343252 0.153990045 -0.002957825 0.084448002 -0.031094551 0.025425406 0.040222809 0.998383105
1305031113.379312 0.142316043 -0.000809178 0.085153259 -0.033729736 0.015143846 0.037663884 0.998606205
1305031113.411625 0.126227900 -0.004622493 0.089000806 -0.033648986 0.008764489 0.038346522 0.998659372
1305031113.443266 0.104350388 -0.002694949 0.084251530 -0.031394552 0.003934188 0.032855093 0.998959184
1305031113.479311 0.086437449 0.005477361 0.086369023 -0.031877983 -0.002398866 0.027292412 0.999116182
1305031113.511523 0.068853304 0.004697011 0.087632090 -0.035638388 -0.007504128 0.024620142 0.999033272
1305031113.543242 0.053349365 -0.000463830 0.086330973 -0.038797930 -0.013489581 0.020983739 0.998935640
1305031113.579301 0.036912009 -0.000428151 0.084902160 -0.039154682 -0.017665979 0.015778961 0.998952389
1305031113.611268 0.023237308 0.000359848 0.085438579 -0.041525643 -0.020697519 0.010821820 0.998864412
1305031113.643222 0.010093651 -0.001295914 0.085482992 -0.044849675 -0.021078749 0.007446252 0.998743594
1305031113.679288 -0.005947462 -0.001392678 0.085970305 -0.045715876 -0.019821674 0.003841243 0.998750448
1305031113.711931 -0.016028970 -0.002891604 0.086462609 -0.046056535 -0.020448690 -0.000925563 0.998729050
1305031113.743590 -0.029264398 -0.000813968 0.086681001 -0.044563711 -0.018006884 -0.006596243 0.998822451
1305031113.779320 -0.046407290 -0.001725832 0.086943038 -0.043694429 -0.014334567 -0.011230309 0.998878956
1305031113.811237 -0.060273416 0.000457408 0.086367249 -0.042039420 -0.012961024 -0.013031895 0.998946846
1305031113.843295 -0.072317272 0.003438419 0.087212771 -0.041931037 -0.011191593 -0.016132154 0.998927534
1305031113.879281 -0.089934416 -0.004481403 0.089407764 -0.042669125 -0.009785065 -0.020967234 0.998821259
1305031113.911290 -0.100409038 0.000374291 0.089367956 -0.038477488 -0.011658668 -0.021044612 0.998969793
1305031113.943291 -0.112908952 0.000182864 0.090878613 -0.035988476 -0.009576306 -0.023859972 0.999021411
1305031113.979293 -0.130345881 0.001396041 0.091295205 -0.032252040 -0.006510658 -0.029495025 0.999023259
1305031114.011257 -0.147528395 0.003497755 0.089600630 -0.028641889 -0.004595385 -0.034624793 0.998979270
1305031114.043301 -0.164865106 0.002184613 0.090643555 -0.028265864 -0.006954921 -0.036307719 0.998916626
1305031114.079285 -0.180900112 -0.000480982 0.090045899 -0.026986748 -0.011667136 -0.036469396 0.998902202
1305031114.111263 -0.192146704 0.004421652 0.090919115 -0.023385560 -0.017971482 -0.040032491 0.998763025
1305031114.143284 -0.203967094 0.004168640 0.092979021 -0.023678126 -0.023443386 -0.042736962 0.998530567
1305031114.179337 -0.213828355 0.003059058 0.096439883 -0.021082750 -0.026375895 -0.045095451 0.998411834
1305031114.211303 -0.226683497 0.011624958 0.095664524 -0.017409788 -0.026736664 -0.047645189 0.998354673
1305031114.243337 -0.243750274 0.009240112 0.094148166 -0.020540033 -0.028034395 -0.051378127 0.998074412
1305031114.279390 -0.257618606 0.009231112 0.095752910 -0.020552346 -0.033874720 -0.052556057 0.997831643
1305031114.311429 -0.269199610 0.011636920 0.099670880 -0.021301484 -0.042247646 -0.052531920 0.997497737
1305031114.343331 -0.277619958 0.012564928 0.102988303 -0.021891389 -0.048535995 -0.055574968 0.997033834
1305031114.379320 -0.287467688 0.013202622 0.105395935 -0.021459199 -0.050488293 -0.060134500 0.996681631
1305031114.411397 -0.299947083 0.013851845 0.106943145 -0.020277392 -0.051959563 -0.064391524 0.996364772
1305031114.443345 -0.312345445 0.013779481 0.106012076 -0.020799361 -0.055881955 -0.065993406 0.996036887
1305031114.479332 -0.325167656 0.009746462 0.101279974 -0.022607565 -0.061891291 -0.066543005 0.995605528
1305031114.511266 -0.330592722 0.014719454 0.104099303 -0.021799343 -0.070509993 -0.069199786 0.994869113
1305031114.543236 -0.334266424 0.013856417 0.109755822 -0.024822008 -0.075428449 -0.068637840 0.994476378
1305031114.579237 -0.340367943 0.013615891 0.111448385 -0.025976462 -0.075864427 -0.065694906 0.994612455
1305031114.611391 -0.346793771 0.015717145 0.109570295 -0.027964285 -0.076197326 -0.063946068 0.994647086
1305031114.644136 -0.353049427 0.012147188 0.109658174 -0.033912268 -0.078498125 -0.062376115 0.994382799
1305031114.679251 -0.358347774 0.008658817 0.109888025 -0.037461728 -0.084428169 -0.062416658 0.993766904
1305031114.711306 -0.360066950 0.008756679 0.115187868 -0.037631508 -0.089157231 -0.061990172 0.993374109
1305031114.743200 -0.361842632 0.007009724 0.115513206 -0.037076935 -0.092093587 -0.065029554 0.992932618
1305031114.779289 -0.361136287 0.009639391 0.115369387 -0.033986244 -0.093768626 -0.068725646 0.992637455
1305031114.811303 -0.361198992 0.011784406 0.113001622 -0.033777207 -0.093197972 -0.069868021 0.992618620
1305031114.843208 -0.358713001 0.011978781 0.113561988 -0.033608846 -0.094384156 -0.071925171 0.992365301
1305031114.879281 -0.354898989 0.016244834 0.112970792 -0.032921791 -0.094920382 -0.072141364 0.992321491
1305031114.912879 -0.351090729 0.018420722 0.111460634 -0.033563241 -0.095349684 -0.073012508 0.992195070
1305031114.943234 -0.342824519 0.023207659 0.113952287 -0.034623150 -0.096051216 -0.075117551 0.991933823
1305031114.979280 -0.335888445 0.024262989 0.114907086 -0.036851071 -0.094013423 -0.075608410 0.992011487
1305031115.011300 -0.327886492 0.029567499 0.113922261 -0.039486185 -0.093167245 -0.077058583 0.991878331
1305031115.043508 -0.317833692 0.028786356 0.120523505 -0.043111362 -0.091426589 -0.077364907 0.991865575
1305031115.079238 -0.307935327 0.030954847 0.120481759 -0.044272795 -0.088373706 -0.077356860 0.992091715
1305031115.111230 -0.292737424 0.037426554 0.128133833 -0.044857021 -0.085696638 -0.076816894 0.992342234
1305031115.143275 -0.282380432 0.033945512 0.131186724 -0.047160819 -0.076317236 -0.074469514 0.993179679
1305031115.179440 -0.271284819 0.031584270 0.130909577 -0.049904548 -0.073787123 -0.072423629 0.993388057
1305031115.211374 -0.255773067 0.029880516 0.140466928 -0.050083559 -0.072943404 -0.069661058 0.993638873
1305031115.243297 -0.241059318 0.025678851 0.140181780 -0.046507165 -0.067797840 -0.065653391 0.994449675
1305031115.279966 -0.225909680 0.028505689 0.138144433 -0.045002189 -0.065916836 -0.061668430 0.994900346
1305031115.311704 -0.195148110 0.016351270 0.147941232 -0.049082577 -0.068042405 -0.054694604 0.994972169
1305031115.343235 -0.180814847 0.018626127 0.146320656 -0.044676594 -0.058551010 -0.052182414 0.995918095
1305031115.379166 -0.173646152 0.024469052 0.141123980 -0.047620412 -0.053269032 -0.046413582 0.996363640
1305031115.411237 -0.155116558 0.017712409 0.147395998 -0.056276977 -0.061427191 -0.042196393 0.995629966
1305031115.443159 -0.130432487 0.018617293 0.151404798 -0.059199203 -0.066342019 -0.036177725 0.995382011
1305031115.479241 -0.120116711 0.026995346 0.158570945 -0.059986122 -0.063798212 -0.031293660 0.995666683
1305031115.511253 -0.079537898 0.020798046 0.167528108 -0.064918526 -0.071492173 -0.025731158 0.994993687
1305031115.543604 -0.061255217 0.019617459 0.170543358 -0.064780220 -0.058699861 -0.020019181 0.995970428
1305031115.579315 -0.044268366 0.016784843 0.166042805 -0.065007672 -0.046489879 -0.013258941 0.996713042
1305031115.611424 -0.026519043 0.013521126 0.163073108 -0.065461986 -0.040680930 -0.007277462 0.996998906
1305031115.643254 -0.010089665 0.013077646 0.166100323 -0.063775837 -0.034087859 -0.000148039 0.997381926
1305031115.679241 -0.002979546 0.010351258 0.162063912 -0.063135915 -0.027653813 0.010483165 0.997566640
1305031115.711320 0.018659977 0.016918091 0.163917691 -0.060137063 -0.029867502 0.019720903 0.997548282
1305031115.743250 0.049648710 0.015433005 0.167184055 -0.060609698 -0.028471483 0.026695840 0.997398198
1305031115.779425 0.064695396 0.018096438 0.164372966 -0.057515379 -0.018346740 0.035065036 0.997559965
1305031115.811277 0.080390394 0.022998948 0.164389253 -0.055762526 -0.009578837 0.042979021 0.997472584
1305031115.843224 0.093353666 0.021795660 0.163892284 -0.058418982 0.001369942 0.050254330 0.997025490
1305031115.879198 0.100614242 0.015009784 0.163002789 -0.059467319 0.009822099 0.057408124 0.996529698
1305031115.911118 0.118738569 0.018556541 0.163008615 -0.056608818 0.011523739 0.063380167 0.996316016
1305031115.943311 0.136474654 0.021444820 0.166293487 -0.056858249 0.016372532 0.069788449 0.995805502
1305031115.980740 0.150977448 0.027098242 0.168110922 -0.056382015 0.021329902 0.075511500 0.995321095
1305031116.011379 0.170566171 0.026819684 0.169334486 -0.059637882 0.028085560 0.077725895 0.994793057
1305031116.043164 0.177067831 0.031110741 0.169762626 -0.060801819 0.043701440 0.078834638 0.994071603
1305031116.080030 0.185315013 0.039850887 0.174125761 -0.062530056 0.054731186 0.082158372 0.993148804
1305031116.111300 0.194167212 0.039865512 0.178190097 -0.069255471 0.066256337 0.085092887 0.991752505
1305031116.143441 0.201926336 0.037638754 0.181365013 -0.074209660 0.075601071 0.087481856 0.990517199
1305031116.179572 0.212323844 0.042848259 0.184492856 -0.074566349 0.080447063 0.089745685 0.989905953
1305031116.211299 0.223009929 0.042395830 0.184318781 -0.079067327 0.085565716 0.092903771 0.988835573
1305031116.243320 0.241336957 0.034208868 0.184466377 -0.085139088 0.088339724 0.096818231 0.987711310
1305031116.279385 0.250947326 0.035854850 0.183848858 -0.084852755 0.097523808 0.100103214 0.986543715
1305031116.311336 0.265501231 0.036266554 0.182428271 -0.088123970 0.102287717 0.104869813 0.985278487
1305031116.343292 0.271337628 0.026585400 0.187030569 -0.093026325 0.108974792 0.108009800 0.983770549
1305031116.379384 0.273257852 0.025607992 0.186407536 -0.087574601 0.113393247 0.107774556 0.983797371
1305031116.411333 0.273190260 0.036533341 0.181921497 -0.079131253 0.116088703 0.111996442 0.983726859
1305031116.443369 0.278851926 0.038449902 0.178768784 -0.081199378 0.115764879 0.121765174 0.982434928
1305031116.479850 0.277602315 0.030617883 0.178068385 -0.084062196 0.117922083 0.124911085 0.981542230
1305031116.511205 0.276302576 0.031518534 0.173856422 -0.081388518 0.115997300 0.121422492 0.982434273
1305031116.543262 0.263725966 0.034895401 0.172724098 -0.076846555 0.119333021 0.116468392 0.983000159
1305031116.579313 0.252135217 0.038495939 0.169519484 -0.075226970 0.118281864 0.113858484 0.983558118
1305031116.611261 0.238328010 0.027817691 0.169608280 -0.079565831 0.114930138 0.107164592 0.984365821
1305031116.643355 0.219562635 0.029885348 0.170065418 -0.076619700 0.110041916 0.096794143 0.986230731
1305031116.679281 0.209314123 0.029746845 0.166578591 -0.076186679 0.101852275 0.088477105 0.987923801
1305031116.711634 0.194860071 0.034021311 0.164766267 -0.073627651 0.097886354 0.078317143 0.989375353
1305031116.743291 0.176453292 0.036264583 0.163881838 -0.074070089 0.094939962 0.067488164 0.990426838
1305031116.779298 0.160936043 0.033869084 0.162520066 -0.077586606 0.091038831 0.057184745 0.991172135
1305031116.811318 0.142181918 0.027906692 0.161322415 -0.079658709 0.088523507 0.049688864 0.991639614
1305031116.846089 0.122902021 0.036253672 0.162596345 -0.073620901 0.080374233 0.041810293 0.993162572
1305031116.880165 0.107425988 0.036203928 0.160344735 -0.075228855 0.069757953 0.036812149 0.994041920
1305031116.912044 0.080398090 0.031518713 0.155048728 -0.076349452 0.063222535 0.031738967 0.994568408
1305031116.943296 0.063662380 0.041041430 0.154889911 -0.073463351 0.048888445 0.023684835 0.995817304
1305031116.979351 0.049221840 0.038015336 0.153612956 -0.074572518 0.035996489 0.013051774 0.996480227
1305031117.011382 0.031677950 0.041846998 0.152850240 -0.071872376 0.024199933 0.004524974 0.997109950
1305031117.043261 0.013649039 0.049596656 0.151679650 -0.069741830 0.015407880 -0.001075216 0.997445464
1305031117.079520 0.004128382 0.051095374 0.148876831 -0.071869783 0.003761783 -0.006380616 0.997386515
1305031117.111238 -0.015689587 0.048770919 0.141843468 -0.075843967 -0.004654907 -0.007498537 0.997080624
1305031117.143218 -0.020270759 0.052199956 0.140322208 -0.077795222 -0.017435050 -0.007388732 0.996789515
1305031117.179264 -0.031456772 0.053223088 0.137290239 -0.080764815 -0.025505466 -0.012712151 0.996325731
1305031117.211361 -0.035384990 0.054347470 0.138754278 -0.082766615 -0.033472791 -0.015537039 0.995885491
1305031117.243277 -0.035990953 0.059612099 0.138482153 -0.084675379 -0.037193034 -0.017721239 0.995556533
1305031117.279299 -0.034914430 0.060695995 0.146584749 -0.088303626 -0.038063623 -0.022454608 0.995112777
1305031117.311200 -0.040845912 0.052539963 0.141119227 -0.094989382 -0.035125863 -0.023707712 0.994575858
1305031117.343243 -0.041326012 0.047219202 0.144963697 -0.097762451 -0.035982460 -0.024580840 0.994255304
1305031117.379454 -0.043958951 0.043572310 0.146336272 -0.097385801 -0.035316240 -0.024765605 0.994311571
1305031117.411221 -0.047666945 0.039808482 0.147341162 -0.095809132 -0.035886396 -0.024401497 0.994453251
1305031117.443274 -0.046284258 0.036710732 0.146892101 -0.092900783 -0.038089693 -0.023036813 0.994679809
1305031117.479403 -0.045960043 0.028871857 0.146734685 -0.092392072 -0.039260827 -0.021370178 0.994718850
1305031117.511325 -0.047022767 0.019780213 0.147069409 -0.090317883 -0.040588845 -0.019846808 0.994887590
1305031117.544285 -0.047641866 0.015173022 0.146774948 -0.085528344 -0.041390020 -0.019521220 0.995284200
1305031117.579155 -0.049908224 0.009213459 0.147259980 -0.082736813 -0.042420752 -0.020745281 0.995452046
1305031117.611159 -0.050951287 0.003184191 0.148369461 -0.081544943 -0.044016965 -0.020132758 0.995493650
1305031117.643252 -0.050832864 -0.005031877 0.151787862 -0.080300681 -0.046534810 -0.018707804 0.995508075
1305031117.679262 -0.052657310 -0.011142578 0.153734878 -0.079968609 -0.048882801 -0.018614011 0.995424032
1305031117.711184 -0.052341018 -0.021292953 0.158365741 -0.081309080 -0.051554836 -0.015986115 0.995226324
1305031117.743184 -0.053233802 -0.031329799 0.162423104 -0.081669077 -0.053523969 -0.013040979 0.995135844
1305031117.779467 -0.053379614 -0.037437543 0.165834963 -0.080913767 -0.055916652 -0.010695549 0.995093942
1305031117.811320 -0.050612234 -0.049170110 0.172560290 -0.082881995 -0.059107166 -0.008161186 0.994771481
1305031117.843291 -0.045998566 -0.059695110 0.176584691 -0.081151977 -0.060495365 -0.007394834 0.994836688
1305031117.879451 -0.047139190 -0.066919379 0.178994879 -0.079196520 -0.056979761 -0.007725019 0.995199263
1305031117.911407 -0.049496289 -0.079382688 0.184873343 -0.079679355 -0.054784220 -0.008205665 0.995280147
1305031117.943253 -0.049576852 -0.086695455 0.187951699 -0.078258827 -0.052857611 -0.008506433 0.995494485
1305031117.979228 -0.052294642 -0.094629303 0.192810699 -0.079861984 -0.050598390 -0.008836766 0.995481670
1305031118.011228 -0.051710680 -0.108576193 0.199413940 -0.082818516 -0.050522786 -0.008663277 0.995245457
1305031118.043521 -0.051886208 -0.118955448 0.204495996 -0.082316048 -0.049262717 -0.008819940 0.995348930
1305031118.079334 -0.048868038 -0.127366826 0.210102230 -0.082310244 -0.049331434 -0.009851591 0.995336354
1305031118.111217 -0.046369787 -0.138117433 0.216611907 -0.082128666 -0.046090852 -0.011167535 0.995492756
1305031118.143256 -0.048876066 -0.147562698 0.219352841 -0.080930009 -0.040865976 -0.012270145 0.995806098
1305031118.179323 -0.049221504 -0.160844848 0.225210100 -0.081604242 -0.038218036 -0.014487706 0.995826423
1305031118.211202 -0.054113273 -0.171067357 0.228541911 -0.078534991 -0.034324482 -0.013093919 0.996234238
1305031118.243173 -0.056841746 -0.179103702 0.231106803 -0.075025775 -0.034525514 -0.013516610 0.996492028
1305031118.279194 -0.055745203 -0.189966008 0.235928133 -0.072162077 -0.035151340 -0.013599640 0.996680498
1305031118.311299 -0.056256209 -0.199131504 0.238940880 -0.066154137 -0.035419248 -0.014054878 0.997081518
1305031118.343324 -0.054528363 -0.201995566 0.242789015 -0.060101774 -0.035034698 -0.015692011 0.997453809
1305031118.379208 -0.058334816 -0.209957823 0.243403673 -0.056532722 -0.032158270 -0.016734656 0.997742355
1305031118.411296 -0.059683613 -0.212758392 0.244678199 -0.053227857 -0.033704661 -0.016947925 0.997869492
1305031118.445692 -0.059001718 -0.212987110 0.248770535 -0.051666874 -0.034283981 -0.014805567 0.997965872
1305031118.479285 -0.057831809 -0.217272520 0.250693917 -0.052235954 -0.035034064 -0.011312407 0.997955918
1305031118.511255 -0.056361724 -0.216116339 0.250912428 -0.050136484 -0.035480041 -0.010470271 0.998057067
1305031118.544414 -0.056164544 -0.211432964 0.250240982 -0.050360929 -0.034776062 -0.011822253 0.998055458
1305031118.579285 -0.054340236 -0.208282679 0.252423674 -0.051950291 -0.034320403 -0.011901070 0.997988820
1305031118.616142 -0.053034283 -0.202468097 0.252011180 -0.051759146 -0.032482561 -0.014167083 0.998030663
1305031118.645325 -0.054917388 -0.192379788 0.248364925 -0.051216941 -0.029572776 -0.017175714 0.998101830
1305031118.679295 -0.055185057 -0.184586540 0.245724574 -0.053855665 -0.028247233 -0.018213984 0.997982919
1305031118.711421 -0.055094633 -0.181832954 0.245312095 -0.055947993 -0.028864536 -0.020347683 0.997808933
1305031118.746770 -0.058899663 -0.172468334 0.239309385 -0.053401258 -0.029884245 -0.020374147 0.997917891
1305031118.779277 -0.058249686 -0.151642889 0.231993139 -0.052103866 -0.033681978 -0.020770943 0.997857332
1305031118.811221 -0.056321360 -0.150347695 0.232303128 -0.058223657 -0.036276825 -0.022053363 0.997400463
1305031118.846753 -0.050420959 -0.141807318 0.227470905 -0.055119265 -0.037739854 -0.019953277 0.997566760
1305031118.879208 -0.049805664 -0.118692756 0.216188923 -0.050409548 -0.035448372 -0.022046877 0.997855783
1305031118.911177 -0.048421632 -0.115314081 0.214671269 -0.055467002 -0.035167590 -0.023807710 0.997556925
1305031118.946974 -0.047807403 -0.105112463 0.207923621 -0.054639701 -0.034137573 -0.026444292 0.997572005
1305031118.979374 -0.049856551 -0.088648178 0.199366048 -0.054058306 -0.032578792 -0.030220920 0.997548521
1305031119.011363 -0.050347086 -0.077975228 0.193943322 -0.057734419 -0.033056963 -0.032157652 0.997266233
1305031119.047172 -0.051192440 -0.069835588 0.189089417 -0.060379539 -0.033640683 -0.032238159 0.997087419
1305031119.079223 -0.054268509 -0.057310678 0.182494029 -0.059913963 -0.035093270 -0.031781334 0.997080088
1305031119.111328 -0.055373441 -0.047361083 0.175784826 -0.060065802 -0.038330205 -0.031242907 0.996968806
1305031119.147616 -0.056602854 -0.034885544 0.169107586 -0.059594855 -0.041517075 -0.030038444 0.996906459
1305031119.179226 -0.054378305 -0.029895257 0.164533034 -0.061116863 -0.046605092 -0.030156797 0.996585846
1305031119.211364 -0.053686440 -0.017576793 0.157235235 -0.057652198 -0.048241850 -0.028799774 0.996754527
1305031119.247399 -0.056453619 -0.006017841 0.150613859 -0.056289092 -0.048423417 -0.028427340 0.996834278
1305031119.279212 -0.054146174 0.003991688 0.146041110 -0.056030262 -0.050187033 -0.028257119 0.996766508
1305031119.311212 -0.056774445 0.014569970 0.142013520 -0.055551901 -0.049633425 -0.026000639 0.996882379
1305031119.347741 -0.056396149 0.021841547 0.137560263 -0.055226732 -0.051749364 -0.023311377 0.996859372
1305031119.379239 -0.057082791 0.037757006 0.132809594 -0.052376397 -0.053503495 -0.023556715 0.996914804
1305031119.411484 -0.053216636 0.046516169 0.129246622 -0.053428698 -0.054464564 -0.023175962 0.996815860
1305031119.447706 -0.052438792 0.055286087 0.126354694 -0.054105505 -0.052308850 -0.022939267 0.996900260
1305031119.479267 -0.053700231 0.067909591 0.120407417 -0.051761989 -0.049783677 -0.023212982 0.997147679
1305031119.511240 -0.055125959 0.079244353 0.117293425 -0.052771401 -0.048462182 -0.021971697 0.997187972
1305031119.547382 -0.057924211 0.091941968 0.112818025 -0.052698843 -0.047153883 -0.021623736 0.997262180
1305031119.579559 -0.054668844 0.109004200 0.109167658 -0.052519426 -0.047059424 -0.021687591 0.997274697
1305031119.615017 -0.055335801 0.113936640 0.107585296 -0.058053993 -0.045232840 -0.020554772 0.997076392
1305031119.647903 -0.057676367 0.131424502 0.105397888 -0.057998400 -0.044039216 -0.019848829 0.997147322
1305031119.679208 -0.055958241 0.142902955 0.103919104 -0.061543286 -0.042241160 -0.022750366 0.996950686
1305031119.715232 -0.057122968 0.151769370 0.103552639 -0.067534223 -0.037526216 -0.019716769 0.996816039
1305031119.747193 -0.061542831 0.159774885 0.101010017 -0.071509846 -0.034759160 -0.014583050 0.996727347
1305031119.779169 -0.063101381 0.169322759 0.100276731 -0.074147463 -0.035895392 -0.012205018 0.996526301
1305031119.814537 -0.063130297 0.180685878 0.098470092 -0.075227201 -0.036445286 -0.008381184 0.996464968
1305031119.847429 -0.061831519 0.189955801 0.096322328 -0.077507906 -0.035753537 -0.004666144 0.996339500
1305031119.879214 -0.061768703 0.195983872 0.096089639 -0.078035705 -0.033936407 -0.005074830 0.996359885
1305031119.911401 -0.063239187 0.208201781 0.090786867 -0.076958694 -0.031744257 -0.003507028 0.996522665
1305031119.947392 -0.065597653 0.217580795 0.089664608 -0.079802975 -0.028984113 -0.004575474 0.996378660
1305031119.979537 -0.064214520 0.221497267 0.087755710 -0.083078183 -0.026194034 -0.005744659 0.996182144
1305031120.015264 -0.064362645 0.229710907 0.085464112 -0.087603502 -0.023398805 -0.003440965 0.995874643
1305031120.047290 -0.066965587 0.237515002 0.088007636 -0.091486327 -0.022236776 -0.001436573 0.995557010
1305031120.079418 -0.067055255 0.238884583 0.088031352 -0.092788301 -0.024762869 0.000740864 0.995377600
1305031120.115232 -0.069660969 0.242065594 0.086127333 -0.093698397 -0.025626695 0.002419918 0.995267808
1305031120.148157 -0.070316747 0.243501797 0.086866274 -0.093698502 -0.025581660 0.002804432 0.995267928
1305031120.179246 -0.069423556 0.242161691 0.087987691 -0.091162756 -0.025327282 0.004825389 0.995502174
1305031120.215249 -0.069578692 0.228830785 0.087163500 -0.091391169 -0.025210038 0.004332874 0.995486498
1305031120.248003 -0.068173371 0.220231041 0.088474415 -0.090057664 -0.025812797 0.002224002 0.995599508
1305031120.279430 -0.066397823 0.211015388 0.090276040 -0.088598885 -0.025906190 0.000200968 0.995730400
1305031120.315196 -0.065709203 0.199592829 0.092696831 -0.088472880 -0.025740879 -0.001458879 0.995744824
1305031120.347787 -0.064285688 0.188678995 0.094686173 -0.086274736 -0.025908083 -0.002776764 0.995930552
1305031120.379437 -0.063936979 0.178625956 0.098303795 -0.085302018 -0.026150852 -0.002996224 0.996007383
1305031120.415445 -0.061440673 0.160491467 0.105298646 -0.081943154 -0.027956147 -0.003777730 0.996237695
1305031120.447417 -0.061497230 0.154608384 0.107119232 -0.074235931 -0.028571423 -0.003904423 0.996823668
1305031120.479432 -0.059772719 0.140762419 0.113468766 -0.073260263 -0.030198380 -0.003259462 0.996850252
1305031120.514819 -0.062693074 0.130568430 0.117617518 -0.066542357 -0.030883670 -0.001712188 0.997304082
1305031120.547736 -0.064155191 0.123183824 0.122319102 -0.059407841 -0.033364788 0.000030037 0.997676075
1305031120.579551 -0.064647906 0.114423290 0.126787260 -0.056397486 -0.037253056 0.003595844 0.997706711
1305031120.615236 -0.060871553 0.103995256 0.130887538 -0.053545110 -0.042517070 0.007346452 0.997632861
1305031120.647354 -0.058289547 0.095042415 0.135598019 -0.048793837 -0.046298180 0.007975861 0.997703373
1305031120.679318 -0.057444096 0.087506145 0.140335381 -0.046137974 -0.047956772 0.008363793 0.997748196
1305031120.714522 -0.057641331 0.077401593 0.144060433 -0.044508744 -0.048322622 0.009015721 0.997798920
1305031120.747369 -0.057551291 0.067953482 0.149282202 -0.043734390 -0.050703879 0.009572282 0.997709811
1305031120.779894 -0.054909803 0.056056354 0.154767305 -0.042560827 -0.053656500 0.009791669 0.997604012
1305031120.814944 -0.054750983 0.048559282 0.155899525 -0.039770313 -0.053724755 0.009421374 0.997719049
1305031120.847921 -0.052694425 0.039416917 0.161079705 -0.040561538 -0.055699371 0.007599842 0.997594416
1305031120.883435 -0.050537016 0.026842117 0.164482415 -0.039408773 -0.055781096 0.005997596 0.997646987
1305031120.915444 -0.053422723 0.022916621 0.165395945 -0.036328528 -0.053267181 0.003256105 0.997913957
1305031120.947488 -0.052981634 0.010841807 0.169142097 -0.037536293 -0.053239211 0.001684671 0.997874677
1305031120.983366 -0.053889524 0.000164559 0.172665238 -0.037733689 -0.053069655 -0.000318684 0.997877598
1305031121.015019 -0.053554486 -0.009680664 0.174875945 -0.036363311 -0.053841759 -0.001267374 0.997886360
1305031121.047498 -0.054054853 -0.016995912 0.176520318 -0.035730150 -0.053584535 -0.002050838 0.997921765
1305031121.083099 -0.054793146 -0.032114495 0.180741757 -0.036733642 -0.055030197 -0.003408718 0.997802973
1305031121.114696 -0.055581510 -0.038752101 0.181288838 -0.033406567 -0.055894677 -0.003125258 0.997872770
1305031121.147331 -0.055445474 -0.048316929 0.182760879 -0.032088526 -0.056622211 -0.003640203 0.997873247
1305031121.183271 -0.056248799 -0.057624474 0.185648546 -0.030391082 -0.057868611 -0.004290223 0.997852325
1305031121.211420 -0.053784288 -0.066956311 0.190439031 -0.027826443 -0.058436107 -0.004632475 0.997892499
1305031121.247194 -0.055997714 -0.075243875 0.190502077 -0.026124910 -0.056365311 -0.004810957 0.998056769
1305031121.282876 -0.055969793 -0.086997330 0.194026783 -0.027336435 -0.057956424 -0.003151592 0.997939825
1305031121.313568 -0.055222351 -0.097448565 0.197777167 -0.024885530 -0.058368724 -0.002733347 0.997981131
1305031121.347517 -0.059156489 -0.106021672 0.198148355 -0.023107473 -0.058273450 -0.001607368 0.998031914
1305031121.383226 -0.055628303 -0.117448375 0.203081414 -0.022116724 -0.060678255 -0.000816086 0.997911990
1305031121.414318 -0.057110127 -0.128765389 0.205635160 -0.018492529 -0.059370257 -0.002885437 0.998060584
1305031121.447319 -0.055997804 -0.134563327 0.210247815 -0.016606733 -0.059634320 -0.001766526 0.998080552
1305031121.482964 -0.053966999 -0.147284225 0.215911284 -0.015928859 -0.058258690 -0.000042211 0.998174429
1305031121.514107 -0.057793837 -0.153030083 0.213780344 -0.012231419 -0.055263542 0.000708010 0.998396635
1305031121.547270 -0.058282215 -0.158924490 0.217022389 -0.013025270 -0.055199832 0.000707455 0.998390079
1305031121.583204 -0.056659862 -0.170808151 0.221607909 -0.015329115 -0.054378722 0.000239416 0.998402655
1305031121.614700 -0.056912273 -0.178896457 0.225241035 -0.014389730 -0.052611161 -0.000779418 0.998511076
1305031121.647183 -0.056058925 -0.183986291 0.228117064 -0.013334941 -0.048832115 -0.003530881 0.998711765
1305031121.683200 -0.059557457 -0.192354307 0.228429079 -0.015891194 -0.044119127 -0.005169640 0.998886526
1305031121.714520 -0.063298404 -0.202733189 0.228675827 -0.017618172 -0.042127233 -0.004455572 0.998946965
1305031121.747145 -0.063691415 -0.207387805 0.231190816 -0.019032154 -0.041999184 -0.004661109 0.998925507
1305031121.782835 -0.062752187 -0.214059770 0.234710306 -0.020846825 -0.041838385 -0.002364104 0.998904109
1305031121.811540 -0.061624065 -0.218534037 0.238755703 -0.022232318 -0.041090507 -0.000631651 0.998907864
1305031121.847335 -0.061337691 -0.222175360 0.239971429 -0.024359364 -0.039565522 0.002395330 0.998917162
1305031121.882060 -0.061594300 -0.224679157 0.242056563 -0.026779011 -0.039376549 0.008665099 0.998827934
1305031121.914931 -0.062927797 -0.226205677 0.240828633 -0.028784441 -0.040504351 0.011098163 0.998703003
1305031121.947288 -0.060465366 -0.226140022 0.242531866 -0.028787578 -0.043284059 0.010505739 0.998592734
1305031121.982926 -0.060174003 -0.220795348 0.242389038 -0.027797002 -0.042975277 0.009778108 0.998641491
1305031122.014256 -0.061673444 -0.218733221 0.240546092 -0.028846066 -0.042473406 0.008195628 0.998647451
1305031122.047306 -0.061434630 -0.213280916 0.237913936 -0.027576270 -0.043808065 0.004512414 0.998649120
1305031122.082959 -0.059656192 -0.206276074 0.235744238 -0.026640655 -0.044920065 0.001035274 0.998634756
1305031122.114672 -0.060626168 -0.195830375 0.230798438 -0.024724077 -0.044689648 -0.002599950 0.998691559
1305031122.150725 -0.059932299 -0.186525747 0.228475884 -0.024894834 -0.045162726 -0.007881667 0.998638332
1305031122.183042 -0.058370158 -0.176182941 0.224890471 -0.023012701 -0.044575404 -0.012532993 0.998662293
1305031122.214959 -0.061295677 -0.151848510 0.216672510 -0.021682458 -0.041961454 -0.018397463 0.998714507
1305031122.251319 -0.060230751 -0.146208167 0.215537623 -0.028385738 -0.041840442 -0.021105556 0.998497963
1305031122.283560 -0.061599262 -0.132738531 0.209640697 -0.028272675 -0.042270776 -0.022777049 0.998446345
1305031122.314289 -0.067162812 -0.111156926 0.200595215 -0.030829092 -0.042813502 -0.028759247 0.998193085
1305031122.351327 -0.063563399 -0.103154466 0.199622989 -0.038116362 -0.046513837 -0.029857924 0.997743487
1305031122.382630 -0.066293605 -0.089824550 0.193668053 -0.041935213 -0.047832385 -0.030557560 0.997506797
1305031122.414997 -0.068258248 -0.084994592 0.190542668 -0.047086209 -0.051768333 -0.030809471 0.997072577
1305031122.451257 -0.069347098 -0.070427954 0.183799252 -0.047682531 -0.055973865 -0.028887738 0.996874511
1305031122.483360 -0.068012938 -0.060881540 0.179289356 -0.050885834 -0.061486337 -0.028594373 0.996399760
1305031122.515097 -0.069557816 -0.049165763 0.173010111 -0.051199295 -0.064418621 -0.031183906 0.996120751
1305031122.551490 -0.065672755 -0.038998391 0.167327449 -0.052862935 -0.066526949 -0.032977354 0.995837450
1305031122.583208 -0.066691831 -0.028820707 0.162975892 -0.054123037 -0.064832464 -0.034347832 0.995835185
1305031122.614980 -0.069293417 -0.021700332 0.158525825 -0.055399820 -0.064473301 -0.033195626 0.995827377
1305031122.648788 -0.068862632 -0.011443052 0.152922124 -0.054170787 -0.066448122 -0.032054566 0.995802581
1305031122.683402 -0.069875591 0.000892873 0.147715941 -0.052899349 -0.067387111 -0.030705631 0.995850325
1305031122.715208 -0.072851114 0.012728972 0.143598810 -0.052014373 -0.069049805 -0.028248033 0.995855749
1305031122.751298 -0.072669826 0.029386638 0.138153031 -0.049520709 -0.071323372 -0.028860427 0.995805085
1305031122.783423 -0.069952130 0.043884765 0.134491146 -0.051609434 -0.072605848 -0.028438961 0.995618463
1305031122.812555 -0.068461210 0.051018041 0.133228213 -0.057102591 -0.072128512 -0.029715894 0.995315909
1305031122.851418 -0.062061615 0.062428672 0.131885797 -0.058041796 -0.070487484 -0.031317707 0.995330036
1305031122.883754 -0.063663781 0.072380662 0.128614396 -0.060968548 -0.063991569 -0.030216757 0.995627940
1305031122.914571 -0.067072086 0.075525701 0.126688659 -0.066106483 -0.060539015 -0.029162761 0.995547354
1305031122.951341 -0.070513152 0.083458170 0.123431973 -0.066805437 -0.058306824 -0.028484466 0.995653570
1305031122.982815 -0.073218592 0.096637309 0.120351918 -0.066646598 -0.057551507 -0.024898842 0.995804310
1305031123.015450 -0.071846634 0.101124339 0.118521512 -0.069828451 -0.059112612 -0.022348585 0.995555282
1305031123.051827 -0.070756540 0.108100332 0.116187826 -0.069230586 -0.058899716 -0.020698410 0.995645344
1305031123.082975 -0.071463667 0.122163586 0.111875862 -0.066673175 -0.057788406 -0.018475832 0.995928645
1305031123.113873 -0.072339736 0.132422984 0.109558947 -0.069086000 -0.056327116 -0.016882828 0.995876193
1305031123.150822 -0.072007120 0.140386179 0.108364061 -0.071972542 -0.055790704 -0.016209498 0.995713115
1305031123.182155 -0.068443999 0.153707817 0.107190199 -0.072795607 -0.055413574 -0.016029937 0.995677233
1305031123.214704 -0.069633171 0.165093869 0.105883263 -0.076032788 -0.049912758 -0.017195471 0.995706797
1305031123.250618 -0.068747245 0.183525518 0.102067992 -0.078373261 -0.046400990 -0.017365266 0.995692194
1305031123.282347 -0.067956977 0.192331836 0.104420789 -0.086268432 -0.043889090 -0.015414713 0.995185316
1305031123.311327 -0.066752337 0.199535042 0.105288744 -0.092029512 -0.040311262 -0.014827733 0.994829476
1305031123.350481 -0.065005079 0.208025232 0.104242191 -0.096821457 -0.036750298 -0.014048936 0.994523823
1305031123.382255 -0.063506365 0.219592080 0.103137344 -0.099665046 -0.032306962 -0.010819760 0.994437575
1305031123.411363 -0.062863402 0.229411617 0.102722511 -0.100947805 -0.027925050 -0.008863385 0.994460225
1305031123.451255 -0.062832862 0.231950983 0.100624919 -0.106140181 -0.025462462 -0.006326470 0.994005024
1305031123.483594 -0.062951021 0.241654187 0.099170990 -0.109259374 -0.023245974 -0.002457872 0.993738413
1305031123.511360 -0.061939046 0.251455277 0.098483071 -0.110451855 -0.021856185 0.000366061 0.993641078
1305031123.551513 -0.061775442 0.256978393 0.097128570 -0.113150045 -0.021826699 0.003241914 0.993332863
1305031123.579583 -0.061842423 0.264636546 0.095930643 -0.114818685 -0.020963004 0.006394024 0.993144691
1305031123.611335 -0.059380267 0.269581616 0.092810668 -0.117504045 -0.020073324 0.006910980 0.992845476
1305031123.652411 -0.059125032 0.277293116 0.091860220 -0.120960534 -0.017623167 0.006474053 0.992479742
1305031123.683753 -0.057564739 0.283577532 0.091501504 -0.124834366 -0.014452224 0.007617136 0.992043078
1305031123.711323 -0.055776499 0.292958170 0.090764128 -0.127369434 -0.011481165 0.009406142 0.991744280
1305031123.751723 -0.052812360 0.299666852 0.089455768 -0.128484175 -0.011049342 0.012271375 0.991574049
1305031123.783858 -0.052954145 0.303751260 0.088717960 -0.129113272 -0.011307624 0.013971183 0.991466939
1305031123.811608 -0.053113624 0.305351019 0.087255605 -0.130051568 -0.011187847 0.014784951 0.991333842
1305031123.851444 -0.052403759 0.306957871 0.087674849 -0.130541161 -0.011764158 0.017118284 0.991225302
1305031123.883786 -0.053033095 0.309932619 0.087384053 -0.127669320 -0.012943441 0.017736891 0.991573691
1305031123.911243 -0.054559104 0.306770802 0.086927116 -0.125502810 -0.013353384 0.016969357 0.991858244
1305031123.951442 -0.052842084 0.300268471 0.087251164 -0.128618255 -0.014749069 0.019089013 0.991400719
1305031123.983415 -0.051614713 0.307415843 0.088568062 -0.123642966 -0.017911054 0.021098813 0.991940737
1305031124.011302 -0.053537503 0.300213814 0.091864944 -0.119134106 -0.020974908 0.020631203 0.992442191
1305031124.051505 -0.055115201 0.286508918 0.094673291 -0.119900763 -0.023213862 0.021085968 0.992290437
1305031124.083837 -0.055317461 0.286877006 0.096819498 -0.115403920 -0.025902461 0.021434428 0.992749512
1305031124.111331 -0.056128114 0.279992521 0.101117983 -0.108032733 -0.028349927 0.019178277 0.993557930
1305031124.147446 -0.056883786 0.264731199 0.103719108 -0.108213700 -0.029290391 0.017677449 0.993538797
1305031124.182694 -0.057683293 0.260692745 0.107358374 -0.104827732 -0.030062638 0.015313502 0.993917942
1305031124.211396 -0.057543326 0.249262124 0.112323061 -0.098990656 -0.031420432 0.012997629 0.994507253
1305031124.249327 -0.054534327 0.237833142 0.112565011 -0.096707068 -0.034435861 0.013849036 0.994620562
1305031124.282545 -0.054015413 0.229333833 0.114690050 -0.096563771 -0.039087091 0.013470873 0.994467795
1305031124.311361 -0.052859686 0.210289747 0.118449397 -0.097214773 -0.043303326 0.013456832 0.994229853
1305031124.350354 -0.053242799 0.196377456 0.119412877 -0.095255144 -0.046202671 0.012419588 0.994302511
1305031124.382420 -0.050575167 0.184038505 0.122362986 -0.093162335 -0.049503155 0.011542654 0.994352520
1305031124.411439 -0.051280379 0.169578210 0.124875881 -0.089902520 -0.050464127 0.010657567 0.994614184
1305031124.450245 -0.050816931 0.160535216 0.126610979 -0.082369767 -0.051819999 0.009319359 0.995210052
1305031124.480099 -0.052388985 0.146920741 0.128252804 -0.077396818 -0.052172419 0.006528133 0.995612979
1305031124.511324 -0.053679585 0.137693658 0.129017934 -0.070547253 -0.053375043 0.004239610 0.996070385
1305031124.550437 -0.053600840 0.126614258 0.130765960 -0.066673614 -0.055179883 0.002155787 0.996245563
1305031124.579404 -0.054485649 0.113167539 0.134120286 -0.063695304 -0.057444677 -0.000432932 0.996314645
1305031124.611358 -0.053634387 0.100000083 0.138155222 -0.059442874 -0.060365267 -0.002231320 0.996402383
1305031124.651271 -0.053942829 0.090045922 0.141288310 -0.055414543 -0.062636092 -0.004108812 0.996488392
1305031124.679362 -0.051261134 0.074589498 0.144812346 -0.052923847 -0.065411814 -0.005466644 0.996438920
1305031124.711251 -0.051694196 0.064311206 0.148210347 -0.048398647 -0.065221585 -0.007664292 0.996666968
1305031124.749890 -0.051589902 0.050299626 0.152493924 -0.047181327 -0.065592177 -0.008971666 0.996690094
1305031124.779365 -0.052436896 0.038105659 0.157536671 -0.044009779 -0.066667527 -0.009634627 0.996757627
1305031124.811360 -0.053411465 0.028112501 0.161425248 -0.041381475 -0.067192413 -0.010260265 0.996828735
1305031124.850535 -0.052614141 0.013189927 0.167928860 -0.042395536 -0.069165185 -0.010733893 0.996646166
1305031124.879355 -0.047892738 0.000556357 0.175383136 -0.040556710 -0.070904538 -0.010553238 0.996602416
1305031124.911448 -0.049593676 -0.006910656 0.178467900 -0.038228534 -0.067520328 -0.010988925 0.996924698
1305031124.950730 -0.049022090 -0.019481622 0.185945317 -0.041588817 -0.066763408 -0.011036032 0.996840656
1305031124.979438 -0.051496752 -0.038013756 0.193455175 -0.042204842 -0.065212466 -0.009224390 0.996935785
1305031125.011454 -0.053903654 -0.049354877 0.196841687 -0.037744068 -0.067077667 -0.008436549 0.996997893
1305031125.050763 -0.049869094 -0.053624600 0.200279385 -0.034415670 -0.070390470 -0.007424158 0.996897995
1305031125.079364 -0.049970582 -0.065418474 0.207085699 -0.036035925 -0.069636345 -0.004016650 0.996913254
1305031125.111364 -0.050148416 -0.078513525 0.211358353 -0.036017522 -0.070795923 -0.002584242 0.996836960
1305031125.151013 -0.049009986 -0.087456919 0.214290828 -0.032216258 -0.071238846 -0.004622743 0.996928215
1305031125.179353 -0.050337706 -0.089626200 0.216179565 -0.031177279 -0.068458356 -0.004077815 0.997158349
1305031125.211320 -0.052226491 -0.103044115 0.221559986 -0.035361756 -0.066759199 -0.003984232 0.997134328
1305031125.250632 -0.055725630 -0.116596110 0.224477664 -0.034335144 -0.065622121 -0.007051763 0.997228682
1305031125.279467 -0.056991372 -0.120257966 0.225737453 -0.030453442 -0.065209940 -0.008420441 0.997371197
1305031125.311493 -0.057574410 -0.131710634 0.230013490 -0.031149797 -0.063485466 -0.007937496 0.997464955
1305031125.348880 -0.058866665 -0.139086649 0.231541201 -0.027894566 -0.062174492 -0.010606606 0.997619033
1305031125.379401 -0.055200327 -0.142877221 0.236268550 -0.027332844 -0.061594293 -0.014903861 0.997615635
1305031125.411335 -0.054994680 -0.148398891 0.241084144 -0.027553799 -0.055706132 -0.015711593 0.997943282
1305031125.451195 -0.056706812 -0.155313522 0.242987022 -0.030802889 -0.050062675 -0.017269557 0.998121560
1305031125.479424 -0.056178082 -0.163842529 0.247192577 -0.030972905 -0.046416942 -0.018581592 0.998268902
1305031125.511316 -0.058432963 -0.163975835 0.245958701 -0.029701205 -0.041872002 -0.019485503 0.998491287
1305031125.551020 -0.060109682 -0.167126969 0.247325838 -0.030807927 -0.038308300 -0.021481333 0.998559892
1305031125.579308 -0.059615701 -0.168809310 0.249121174 -0.032082994 -0.035070438 -0.024033122 0.998580575
1305031125.611533 -0.060276534 -0.174637094 0.249572143 -0.032339301 -0.031580243 -0.024169806 0.998685479
1305031125.650575 -0.063305043 -0.177465901 0.244886383 -0.028608587 -0.030623436 -0.020242237 0.998916447
1305031125.679328 -0.068522714 -0.169947177 0.236994907 -0.023327054 -0.033043928 -0.019579414 0.998989761
1305031125.711443 -0.064701438 -0.170409560 0.236797154 -0.022441734 -0.039748542 -0.018079136 0.998794079
1305031125.751260 -0.063879795 -0.159886494 0.231609747 -0.016889971 -0.042015847 -0.017107319 0.998827696
1305031125.779348 -0.062730491 -0.152818844 0.229449958 -0.016847311 -0.043311954 -0.019917555 0.998720944
1305031125.811573 -0.059814971 -0.142945781 0.225117728 -0.016165316 -0.043380588 -0.020913100 0.998708904
1305031125.847412 -0.060849812 -0.135622412 0.221515208 -0.018193947 -0.041519508 -0.022782892 0.998712182
1305031125.879318 -0.064257637 -0.126830950 0.216209233 -0.017930267 -0.041120093 -0.023965914 0.998705804
1305031125.911305 -0.067669243 -0.112684391 0.208834201 -0.019824404 -0.043051910 -0.023247613 0.998605549
1305031125.947343 -0.068538457 -0.110150658 0.206127912 -0.025052210 -0.049711742 -0.020023366 0.998248577
1305031125.979324 -0.066700868 -0.096999608 0.202008113 -0.024620948 -0.057525702 -0.016748056 0.997899830
1305031126.011333 -0.061476231 -0.081412338 0.200568959 -0.025506480 -0.064795837 -0.016070208 0.997443080
1305031126.047324 -0.056931812 -0.064713672 0.200671211 -0.026673144 -0.067426994 -0.015665211 0.997244596
1305031126.079356 -0.057054412 -0.050627846 0.198318526 -0.030089507 -0.065676935 -0.015581524 0.997265458
1305031126.111370 -0.054040678 -0.041173857 0.197429478 -0.034530591 -0.065825671 -0.014947664 0.997121453
1305031126.147432 -0.053161077 -0.022194330 0.193919301 -0.034801394 -0.064677820 -0.012747021 0.997217715
1305031126.179384 -0.053660844 -0.008947969 0.190666065 -0.041087568 -0.064653054 -0.012571577 0.996982336
1305031126.211319 -0.052314252 -0.000149260 0.189988628 -0.046123888 -0.065307528 -0.012553511 0.996719599
1305031126.247298 -0.050266311 0.015496753 0.187524527 -0.047986478 -0.064685449 -0.012223301 0.996676326
1305031126.279363 -0.048505653 0.028237037 0.185629025 -0.051856682 -0.063466161 -0.013084773 0.996549904
1305031126.311332 -0.045228641 0.044886157 0.183820903 -0.054263078 -0.061673481 -0.014393860 0.996516287
1305031126.347363 -0.046855696 0.055157375 0.181135684 -0.058972567 -0.057043020 -0.015948866 0.996500909
1305031126.379423 -0.049782101 0.067334145 0.177485585 -0.061719965 -0.052997336 -0.017700782 0.996528268
1305031126.411465 -0.049234357 0.079346754 0.174849346 -0.065795645 -0.051687494 -0.018962236 0.996313095
1305031126.447361 -0.050500564 0.084985249 0.172795758 -0.071601219 -0.049774740 -0.018327123 0.996022046
1305031126.479533 -0.053200655 0.095994309 0.169893548 -0.073155075 -0.049032878 -0.015395877 0.995995522
1305031126.511410 -0.053593323 0.112167604 0.164511025 -0.074015275 -0.050218865 -0.013883024 0.995895147
1305031126.547374 -0.049272198 0.121178091 0.164214388 -0.080084965 -0.052251849 -0.013306309 0.995328665
1305031126.579454 -0.048026498 0.129554495 0.161822394 -0.084338270 -0.050326489 -0.011335233 0.995100915
1305031126.611528 -0.047836691 0.138701349 0.159517407 -0.089061804 -0.048478156 -0.010300179 0.994792342
1305031126.647376 -0.045154452 0.142246187 0.159038350 -0.093947962 -0.047461096 -0.008137412 0.994411886
1305031126.679479 -0.044713616 0.148698241 0.156740338 -0.095714845 -0.045271683 -0.003606647 0.994372249
1305031126.711583 -0.044764791 0.156491593 0.154202819 -0.097488254 -0.043229688 -0.001077201 0.994296789
1305031126.747316 -0.043544248 0.159094021 0.152980030 -0.098885253 -0.041702911 0.002012198 0.994222581
1305031126.779379 -0.043071646 0.165607020 0.149838239 -0.097811840 -0.040643070 0.004893399 0.994362652
1305031126.811602 -0.041378070 0.170367301 0.147786558 -0.097530998 -0.038494669 0.004626527 0.994476974
1305031126.847343 -0.039638143 0.172812834 0.144598514 -0.098341689 -0.035211466 0.005703713 0.994513214
1305031126.879357 -0.041063741 0.175948694 0.142121255 -0.098404422 -0.032259457 0.005976901 0.994605541
1305031126.911364 -0.039654117 0.178639308 0.141727969 -0.097952887 -0.030598357 0.005659156 0.994704485
1305031126.947437 -0.038431484 0.180165231 0.140212014 -0.098657131 -0.030270988 0.007854896 0.994629979
1305031126.979337 -0.038078934 0.181666225 0.140806690 -0.098141462 -0.031378798 0.008873124 0.994638085
1305031127.011371 -0.038975000 0.179930374 0.139681727 -0.097413063 -0.031607397 0.008757348 0.994703472
1305031127.047297 -0.037902266 0.179650858 0.139008686 -0.097077526 -0.032347798 0.010172873 0.994699001
1305031127.079299 -0.037221555 0.179024681 0.139617160 -0.097427018 -0.033289436 0.010589717 0.994629383
1305031127.111435 -0.038539350 0.175065234 0.139334813 -0.098444715 -0.035050608 0.011776140 0.994455338
1305031127.147307 -0.039858289 0.169744194 0.140512422 -0.098776549 -0.037933558 0.011462083 0.994320333
1305031127.179349 -0.038974773 0.171065614 0.140182137 -0.095487587 -0.041167144 0.011285060 0.994515002
1305031127.211700 -0.038240682 0.170048416 0.142113194 -0.094396919 -0.042888422 0.010681863 0.994553030
1305031127.247374 -0.036844883 0.163590580 0.144511163 -0.094352886 -0.043696448 0.009974159 0.994529366
1305031127.279465 -0.037565604 0.163824081 0.143740207 -0.091344804 -0.043518566 0.009456830 0.994822979
1305031127.311362 -0.039648324 0.159295991 0.145232141 -0.092562474 -0.043806411 0.008246308 0.994708598
1305031127.347356 -0.039932840 0.152518541 0.147919342 -0.092212833 -0.045260821 0.007772668 0.994679749
1305031127.379262 -0.040877920 0.151745752 0.148183852 -0.089353107 -0.046023946 0.007630356 0.994906843
1305031127.411371 -0.040620569 0.150426030 0.150520772 -0.088839568 -0.047452968 0.006987086 0.994890392
1305031127.447333 -0.040537771 0.143992931 0.153509557 -0.089681588 -0.049029611 0.006631395 0.994740844
1305031127.479362 -0.040536515 0.145035312 0.153844446 -0.087045252 -0.050224297 0.005898624 0.994920015
1305031127.511356 -0.041385986 0.144218549 0.155709058 -0.087842077 -0.051235005 0.005124859 0.994802713
1305031127.547348 -0.040815298 0.139219403 0.158484921 -0.088788427 -0.052500892 0.004994986 0.994653404
1305031127.579345 -0.042144530 0.139946967 0.158810526 -0.086508401 -0.052423742 0.004928713 0.994858682
1305031127.611271 -0.042918883 0.141377687 0.159503907 -0.085927136 -0.052791689 0.004550149 0.994891405
1305031127.647358 -0.042323161 0.137451813 0.161056906 -0.087860674 -0.053347252 0.005864156 0.994686007
1305031127.679298 -0.042169832 0.135763317 0.162115932 -0.086800352 -0.054010715 0.006781248 0.994737446
1305031127.711375 -0.042782247 0.137320399 0.161300212 -0.085582875 -0.054499160 0.006150614 0.994820416
1305031127.747304 -0.041274067 0.134411842 0.163360044 -0.087564610 -0.055672299 0.006796671 0.994578719
1305031127.779346 -0.041731313 0.132839173 0.163991973 -0.086567290 -0.055740569 0.006831935 0.994661987
1305031127.811829 -0.043303002 0.134393603 0.162598014 -0.084434085 -0.055380650 0.005699343 0.994872570
1305031127.847366 -0.044059280 0.132916614 0.162340313 -0.085063621 -0.055166397 0.004694666 0.994836092
1305031127.879380 -0.044586904 0.130522043 0.162663639 -0.085757479 -0.055415552 0.004147640 0.994765103
1305031127.911476 -0.045027748 0.130828544 0.163157448 -0.085358925 -0.056284495 0.004266770 0.994750082
1305031127.947366 -0.045764614 0.132286564 0.163324550 -0.085376471 -0.056935869 0.004302903 0.994711339
1305031127.979371 -0.045540817 0.131316960 0.165072113 -0.087090857 -0.057893939 0.003990180 0.994508684
1305031128.011427 -0.044123542 0.131454989 0.166747183 -0.087920412 -0.058547921 0.003587382 0.994398952
1305031128.047369 -0.043494783 0.129347369 0.170489192 -0.090834238 -0.057894170 0.004791204 0.994170249
1305031128.079334 -0.043779533 0.126018077 0.172181174 -0.091541670 -0.057502616 0.005445956 0.994124711
1305031128.111391 -0.042874612 0.125579685 0.172681093 -0.090916678 -0.058042612 0.006435620 0.994144738
1305031128.147418 -0.042353258 0.124519147 0.174308985 -0.091957673 -0.058362104 0.008146041 0.994017780
1305031128.179350 -0.040737320 0.119263574 0.176468506 -0.092925936 -0.058900859 0.009499623 0.993883908
1305031128.211447 -0.042053964 0.121770501 0.175128043 -0.089740522 -0.058208521 0.009785084 0.994214594
1305031128.247480 -0.042416964 0.122999579 0.175868019 -0.089652285 -0.058549769 0.010257540 0.994197786
1305031128.279336 -0.042094760 0.120524265 0.177492455 -0.090357460 -0.059110131 0.010016090 0.994103193
1305031128.311483 -0.042667147 0.121626489 0.176114410 -0.088618129 -0.058834277 0.009278360 0.994283319
1305031128.347423 -0.042247962 0.121023186 0.176276028 -0.088944808 -0.059264876 0.008651582 0.994234204
1305031128.379404 -0.043068323 0.119940415 0.176731080 -0.089229666 -0.059506614 0.006731795 0.994209111
1305031128.411337 -0.043233838 0.119181447 0.176560029 -0.088646099 -0.059467018 0.005767593 0.994269729
1305031128.447296 -0.044269860 0.118729904 0.176300153 -0.088436671 -0.059200320 0.004619108 0.994310319
1305031128.479296 -0.045466434 0.118215077 0.176306650 -0.088528313 -0.058995709 0.003361286 0.994319320
1305031128.511433 -0.044653360 0.117423028 0.176419005 -0.088281408 -0.059225313 0.002768237 0.994329453
1305031128.547399 -0.044703897 0.115800500 0.176871270 -0.088780858 -0.058683541 0.001928831 0.994319081
1305031128.579455 -0.044241730 0.112658918 0.176246226 -0.089324951 -0.058263361 0.001728286 0.994295478
1305031128.611395 -0.045830201 0.112777047 0.174935758 -0.087825090 -0.057681896 0.002068666 0.994462311
1305031128.647352 -0.047966167 0.113867834 0.174119115 -0.086764120 -0.058027830 0.002349330 0.994534671
1305031128.679282 -0.046435252 0.111848049 0.175021634 -0.087092653 -0.060222987 0.001920213 0.994376421
1305031128.711457 -0.045498502 0.111674912 0.174496531 -0.085861653 -0.060349226 0.001224746 0.994476855
1305031128.747363 -0.045206219 0.112070456 0.173625574 -0.084852010 -0.059561301 0.000436284 0.994611681
