1305031109.475363 0.0000000 0.0000000 0.0000000 0.0000000 0.0000000 0.0000000 1.0000000
1305031109.575362 -0.0348831 0.0022172 -0.0049135 0.0030646 -0.0030257 -0.0073428 0.9999638
1305031110.711412 -0.3823733 0.0490487 0.0093238 -0.0563565 -0.1023790 -0.1013527 0.9879626
1305031112.443391 0.0949153 -0.0178329 0.0287487 0.0285197 0.0683992 -0.0284703 0.9968438
1305031112.611261 0.1410279 -0.0136249 0.0261506 0.0402201 0.0532874 0.0058158 0.9977520
1305031112.679952 0.1507086 -0.0157552 0.0285763 0.0349523 0.0654746 0.0158004 0.9971167
1305031112.943321 0.1222165 -0.0085320 0.0393681 0.0099452 0.0672587 0.0211557 0.9974617
1305031113.179343 0.0709181 -0.0070388 0.0269346 -0.0000713 0.0441620 0.0065995 0.9990026
1305031114.743200 -0.4331838 0.0221202 0.0382685 -0.0038813 -0.0978845 -0.0981861 0.9903348
1305031115.011300 -0.4003336 0.0401742 0.0397427 -0.0057808 -0.1001235 -0.1081139 0.9890668
1305031115.179440 -0.3514886 0.0363325 0.0526920 -0.0163910 -0.0814442 -0.1026841 0.9912387
1305031116.043164 0.0334722 0.0105846 0.0899031 -0.0266273 0.0256587 0.0515736 0.9979843
1305031116.343292 0.1011689 0.0059161 0.1036384 -0.0545156 0.0967929 0.0824498 0.9903844
1305031116.611261 0.0728298 0.0058161 0.0908877 -0.0431132 0.1035968 0.0820034 0.9902951
1305031116.743291 0.0263838 0.0144517 0.0839370 -0.0390672 0.0813269 0.0420670 0.9950327
1305031116.880165 -0.0283028 0.0198331 0.0803313 -0.0392557 0.0553205 0.0094677 0.9976518
1305031120.248003 -0.1684483 0.1876752 0.0350969 -0.0564295 -0.0374720 -0.0255262 0.9973766
1305031121.647183 -0.1857663 -0.1596440 0.1259248 0.0203075 -0.0591838 -0.0354251 0.9974116
1305031121.947288 -0.1911572 -0.1942994 0.1363183 0.0052676 -0.0540535 -0.0208549 0.9983063
1305031122.883754 -0.1788445 0.0632402 0.0588317 -0.0262647 -0.0713494 -0.0619916 0.9951766
1305031123.483594 -0.1657719 0.2084436 0.0448917 -0.0730281 -0.0327703 -0.0301707 0.9963347
1305031123.851444 -0.1550702 0.2538259 0.0392792 -0.1008561 -0.0206394 -0.0104889 0.9946316
1305031124.083837 -0.1583409 0.2409448 0.0462390 -0.0831869 -0.0355696 -0.0070492 0.9958740
1305031124.282545 -0.1610461 0.1861351 0.0556070 -0.0678880 -0.0483540 -0.0152014 0.9964045
1305031125.379401 -0.1827798 -0.1242147 0.1382239 0.0066532 -0.0716241 -0.0463473 0.9963321
1305031125.611533 -0.1869121 -0.1520922 0.1459146 0.0022820 -0.0419576 -0.0543958 0.9976349
1305031126.111370 -0.1746705 -0.0380066 0.1097717 -0.0009979 -0.0760383 -0.0460962 0.9960383
1305031126.911364 -0.1478774 0.1476291 0.0773784 -0.0646799 -0.0421867 -0.0229894 0.9967489
1305031127.247374 -0.1482651 0.1348921 0.0780729 -0.0614448 -0.0540843 -0.0191059 0.9964609
1305031128.279336 -0.1567585 0.0980497 0.1031956 -0.0569254 -0.0688809 -0.0208405 0.9957814
1305031128.511433 -0.1595108 0.0954978 0.1016216 -0.0548292 -0.0684214 -0.0280000 0.9957551
